7	76	532	0
-1	1
-1	1
-1	1
-1	1
-1	1
-1e30	1e30
0.001	1e30
7	-1e30	0	0	0.25	1	0.5	2	1	3	0.5	4	0.5	5	-1	6	1
7	-1e30	0	0	0.25	1	0.5	2	1	3	0.5	4	1	5	-1	6	1
7	-1e30	0	0	0.25	1	0.5	2	1	3	1	4	0.5	5	-1	6	1
7	-1e30	0	0	0.25	1	0.5	2	0.5	3	0.5	4	0.5	5	-1	6	1
7	-1e30	0	0	0.25	1	0.5	2	0.5	3	0.5	4	1	5	-1	6	1
7	-1e30	0	0	0.25	1	0.5	2	0.5	3	1	4	0.5	5	-1	6	1
7	-1e30	0	0	0.25	1	1	2	1	3	0.5	4	0.5	5	-1	6	1
7	-1e30	0	0	0.25	1	1	2	1	3	0.5	4	1	5	-1	6	1
7	-1e30	0	0	0.25	1	1	2	1	3	1	4	0.5	5	-1	6	1
7	-1e30	0	0	0.25	1	1	2	0.5	3	0.5	4	0.5	5	-1	6	1
7	-1e30	0	0	0.25	1	1	2	0.5	3	0.5	4	1	5	-1	6	1
7	-1e30	0	0	0.25	1	1	2	0.5	3	1	4	0.5	5	-1	6	1
7	-1e30	0	0	0.5	1	0.5	2	1	3	0.5	4	0.5	5	-1	6	1
7	-1e30	0	0	0.5	1	0.5	2	1	3	0.5	4	0.5	5	-1	6	1
7	-1e30	0	0	0.5	1	0.5	2	0.5	3	0.5	4	0.5	5	-1	6	1
7	-1e30	0	0	0.5	1	0.5	2	0.5	3	0.5	4	0.5	5	-1	6	1
7	-1e30	0	0	0.5	1	1	2	1	3	0.5	4	0.5	5	-1	6	1
7	-1e30	0	0	0.5	1	1	2	1	3	0.5	4	0.5	5	-1	6	1
7	-1e30	0	0	0.5	1	1	2	0.5	3	0.5	4	0.5	5	-1	6	1
7	-1e30	0	0	0.5	1	1	2	0.5	3	0.5	4	0.5	5	-1	6	1
7	-1e30	0	0	0.75	1	0.5	2	1	3	0.5	4	0.5	5	-1	6	1
7	-1e30	0	0	0.75	1	0.5	2	1	3	0.5	4	1	5	-1	6	1
7	-1e30	0	0	0.75	1	0.5	2	1	3	1	4	0.5	5	-1	6	1
7	-1e30	0	0	0.75	1	0.5	2	1	3	1	4	1	5	-1	6	1
7	-1e30	0	0	0.75	1	0.5	2	1	3	0.5	4	0.5	5	-1	6	1
7	-1e30	0	0	0.75	1	0.5	2	1	3	0.5	4	1	5	-1	6	1
7	-1e30	0	0	0.75	1	0.5	2	1	3	1	4	0.5	5	-1	6	1
7	-1e30	0	0	0.75	1	0.5	2	1	3	1	4	1	5	-1	6	1
7	-1e30	0	0	1	1	0.5	2	1	3	0.5	4	0.5	5	-1	6	1
7	-1e30	0	0	1	1	0.5	2	1	3	0.5	4	1	5	-1	6	1
7	-1e30	0	0	1	1	0.5	2	1	3	1	4	0.5	5	-1	6	1
7	-1e30	0	0	1	1	0.5	2	1	3	1	4	1	5	-1	6	1
7	-1e30	0	0	1	1	0.5	2	0.5	3	0.5	4	0.5	5	-1	6	1
7	-1e30	0	0	1	1	1	2	1	3	0.5	4	0.5	5	-1	6	1
7	-1e30	0	0	1	1	1	2	0.5	3	0.5	4	0.5	5	-1	6	1
7	-1e30	0	0	-0.25	1	-0.5	2	-1	3	-1	4	-1	5	1	6	1
7	-1e30	0	0	-0.25	1	-0.5	2	-1	3	-1	4	-1	5	1	6	1
7	-1e30	0	0	-0.25	1	-0.5	2	-0.5	3	-1	4	-1	5	1	6	1
7	-1e30	0	0	-0.25	1	-0.5	2	-0.5	3	-1	4	-1	5	1	6	1
7	-1e30	0	0	-0.25	1	-1	2	-1	3	-1	4	-1	5	1	6	1
7	-1e30	0	0	-0.25	1	-1	2	-1	3	-1	4	-1	5	1	6	1
7	-1e30	0	0	-0.25	1	-1	2	-0.5	3	-1	4	-1	5	1	6	1
7	-1e30	0	0	-0.25	1	-1	2	-0.5	3	-1	4	-1	5	1	6	1
7	-1e30	0	0	-0.5	1	-0.5	2	-1	3	-0.5	4	-1	5	1	6	1
7	-1e30	0	0	-0.5	1	-0.5	2	-1	3	-1	4	-0.5	5	1	6	1
7	-1e30	0	0	-0.5	1	-0.5	2	-1	3	-1	4	-1	5	1	6	1
7	-1e30	0	0	-0.5	1	-0.5	2	-0.5	3	-0.5	4	-1	5	1	6	1
7	-1e30	0	0	-0.5	1	-0.5	2	-0.5	3	-1	4	-0.5	5	1	6	1
7	-1e30	0	0	-0.5	1	-0.5	2	-0.5	3	-1	4	-1	5	1	6	1
7	-1e30	0	0	-0.5	1	-1	2	-1	3	-0.5	4	-1	5	1	6	1
7	-1e30	0	0	-0.5	1	-1	2	-1	3	-1	4	-0.5	5	1	6	1
7	-1e30	0	0	-0.5	1	-1	2	-1	3	-1	4	-1	5	1	6	1
7	-1e30	0	0	-0.5	1	-1	2	-0.5	3	-0.5	4	-1	5	1	6	1
7	-1e30	0	0	-0.5	1	-1	2	-0.5	3	-1	4	-0.5	5	1	6	1
7	-1e30	0	0	-0.5	1	-1	2	-0.5	3	-1	4	-1	5	1	6	1
7	-1e30	0	0	-0.75	1	-0.5	2	-0.5	3	-0.5	4	-0.5	5	1	6	1
7	-1e30	0	0	-0.75	1	-0.5	2	-0.5	3	-0.5	4	-1	5	1	6	1
7	-1e30	0	0	-0.75	1	-0.5	2	-0.5	3	-1	4	-0.5	5	1	6	1
7	-1e30	0	0	-0.75	1	-0.5	2	-0.5	3	-1	4	-1	5	1	6	1
7	-1e30	0	0	-0.75	1	-1	2	-1	3	-0.5	4	-0.5	5	1	6	1
7	-1e30	0	0	-0.75	1	-1	2	-1	3	-0.5	4	-1	5	1	6	1
7	-1e30	0	0	-0.75	1	-1	2	-1	3	-1	4	-0.5	5	1	6	1
7	-1e30	0	0	-0.75	1	-1	2	-1	3	-1	4	-1	5	1	6	1
7	-1e30	0	0	-0.75	1	-1	2	-0.5	3	-0.5	4	-0.5	5	1	6	1
7	-1e30	0	0	-0.75	1	-1	2	-0.5	3	-0.5	4	-1	5	1	6	1
7	-1e30	0	0	-0.75	1	-1	2	-0.5	3	-1	4	-0.5	5	1	6	1
7	-1e30	0	0	-0.75	1	-1	2	-0.5	3	-1	4	-1	5	1	6	1
7	-1e30	0	0	-1	1	-0.5	2	-0.5	3	-0.5	4	-1	5	1	6	1
7	-1e30	0	0	-1	1	-0.5	2	-0.5	3	-1	4	-0.5	5	1	6	1
7	-1e30	0	0	-1	1	-0.5	2	-0.5	3	-1	4	-1	5	1	6	1
7	-1e30	0	0	-1	1	-1	2	-1	3	-0.5	4	-1	5	1	6	1
7	-1e30	0	0	-1	1	-1	2	-1	3	-1	4	-0.5	5	1	6	1
7	-1e30	0	0	-1	1	-1	2	-1	3	-1	4	-1	5	1	6	1
7	-1e30	0	0	-1	1	-1	2	-0.5	3	-0.5	4	-1	5	1	6	1
7	-1e30	0	0	-1	1	-1	2	-0.5	3	-1	4	-0.5	5	1	6	1
7	-1e30	0	0	-1	1	-1	2	-0.5	3	-1	4	-1	5	1	6	1
