12	683	8196	0
-1	1
-1	1
-1	1
-1	1
-1	1
-1	1
-1	1
-1	1
-1	1
-1	1
-1e30	1e30
0.001	1e30
12	-1e30	0	0	0.074327	1	0.5	2	0.1	3	0.1	4	0.1	5	0.2	6	0.1	7	0.3	8	0.1	9	0.1	10	-1	11	1
12	-1e30	0	0	0.075591	1	0.4	2	0.1	3	0.1	4	0.3	5	0.2	6	0.1	7	0.3	8	0.1	9	0.1	10	-1	11	1
12	-1e30	0	0	0.075705	1	0.2	2	0.1	3	0.2	4	0.1	5	0.2	6	0.1	7	0.3	8	0.1	9	0.1	10	-1	11	1
12	-1e30	0	0	0.076784	1	0.2	2	0.1	3	0.1	4	0.1	5	0.2	6	0.1	7	0.1	8	0.1	9	0.5	10	-1	11	1
12	-1e30	0	0	0.076784	1	0.4	2	0.2	3	0.1	4	0.1	5	0.2	6	0.1	7	0.2	8	0.1	9	0.1	10	-1	11	1
12	-1e30	0	0	0.076948	1	0.1	2	0.1	3	0.1	4	0.1	5	0.1	6	0.1	7	0.3	8	0.1	9	0.1	10	-1	11	1
12	-1e30	0	0	0.077014	1	0.2	2	0.1	3	0.1	4	0.1	5	0.2	6	0.1	7	0.2	8	0.1	9	0.1	10	-1	11	1
12	-1e30	0	0	0.077943	1	0.4	2	0.1	3	0.1	4	0.1	5	0.2	6	0.1	7	0.2	8	0.1	9	0.1	10	-1	11	1
12	-1e30	0	0	0.078028	1	0.4	2	0.1	3	0.1	4	0.1	5	0.2	6	0.1	7	0.3	8	0.1	9	0.1	10	-1	11	1
12	-1e30	0	0	0.078095	1	0.6	2	0.1	3	0.1	4	0.1	5	0.2	6	0.1	7	0.3	8	0.1	9	0.1	10	-1	11	1
12	-1e30	0	0	0.078546	1	0.3	2	0.1	3	0.1	4	0.1	5	0.2	6	0.1	7	0.2	8	0.1	9	0.1	10	-1	11	1
12	-1e30	0	0	0.078752	1	0.1	2	0.1	3	0.1	4	0.1	5	0.2	6	0.1	7	0.3	8	0.1	9	0.1	10	-1	11	1
12	-1e30	0	0	0.079259	1	0.3	2	0.2	3	0.1	4	0.1	5	0.1	6	0.1	7	0.2	8	0.1	9	0.1	10	-1	11	1
12	-1e30	0	0	0.079304	1	0.5	2	0.1	3	0.1	4	0.1	5	0.2	6	0.1	7	0.2	8	0.1	9	0.1	10	-1	11	1
12	-1e30	0	0	0.079338	1	0.2	2	0.1	3	0.1	4	0.1	5	0.2	6	0.1	7	0.2	8	0.1	9	0.1	10	-1	11	1
12	-1e30	0	0	0.079598	1	0.1	2	0.1	3	0.3	4	0.1	5	0.2	6	0.1	7	0.1	8	0.1	9	0.1	10	-1	11	1
12	-1e30	0	0	0.079598	1	0.3	2	0.1	3	0.1	4	0.1	5	0.1	6	0.1	7	0.2	8	0.1	9	0.1	10	-1	11	1
12	-1e30	0	0	0.079659	1	0.2	2	0.1	3	0.1	4	0.1	5	0.2	6	0.1	7	0.3	8	0.1	9	0.1	10	-1	11	1
12	-1e30	0	0	0.079871	1	0.2	2	0.1	3	0.1	4	0.2	5	0.2	6	0.1	7	0.3	8	0.1	9	0.1	10	-1	11	1
12	-1e30	0	0	0.079909	1	0.3	2	0.1	3	0.2	4	0.1	5	0.2	6	0.1	7	0.2	8	0.1	9	0.1	10	-1	11	1
12	-1e30	0	0	0.08022	1	0.2	2	0.1	3	0.1	4	0.1	5	0.2	6	0.1	7	0.2	8	0.1	9	0.1	10	-1	11	1
12	-1e30	0	0	0.080405	1	0.6	2	0.2	3	0.1	4	0.1	5	0.1	6	0.1	7	0.7	8	0.1	9	0.1	10	-1	11	1
12	-1e30	0	0	0.082035	1	0.1	2	0.1	3	0.1	4	0.1	5	0.2	6	0.1	7	0.2	8	0.1	9	0.2	10	-1	11	1
12	-1e30	0	0	0.082169	1	0.1	2	0.1	3	0.1	4	0.1	5	0.2	6	0.1	7	0.2	8	0.1	9	0.1	10	-1	11	1
12	-1e30	0	0	0.082211	1	0.4	2	0.1	3	0.1	4	0.3	5	0.2	6	0.1	7	0.3	8	0.1	9	0.1	10	-1	11	1
12	-1e30	0	0	0.082961	1	0.1	2	0.1	3	0.1	4	0.1	5	0.2	6	0.1	7	0.2	8	0.1	9	0.1	10	-1	11	1
12	-1e30	0	0	0.083033	1	0.4	2	0.1	3	0.1	4	0.1	5	0.2	6	0.1	7	0.3	8	0.1	9	0.1	10	-1	11	1
12	-1e30	0	0	0.083373	1	0.1	2	0.1	3	0.1	4	0.1	5	0.2	6	0.1	7	0.3	8	0.2	9	0.1	10	-1	11	1
12	-1e30	0	0	0.083387	1	0.5	2	0.1	3	0.3	4	0.1	5	0.2	6	0.1	7	0.2	8	0.1	9	0.1	10	-1	11	1
12	-1e30	0	0	0.08359	1	0.1	2	0.3	3	0.3	4	0.2	5	0.2	6	0.1	7	0.7	8	0.2	9	0.1	10	-1	11	1
12	-1e30	0	0	0.084162	1	0.1	2	0.1	3	0.4	4	0.1	5	0.2	6	0.1	7	0.2	8	0.1	9	0.1	10	-1	11	1
12	-1e30	0	0	0.084214	1	0.5	2	0.3	3	0.1	4	0.2	5	0.2	6	0.1	7	0.2	8	0.1	9	0.1	10	-1	11	1
12	-1e30	0	0	0.084444	1	0.2	2	0.1	3	0.1	4	0.1	5	0.3	6	0.1	7	0.2	8	0.1	9	0.1	10	-1	11	1
12	-1e30	0	0	0.08452	1	0.2	2	0.2	3	0.2	4	0.1	5	0.1	6	0.1	7	0.7	8	0.1	9	0.1	10	-1	11	1
12	-1e30	0	0	0.085027	1	0.4	2	0.1	3	0.1	4	0.2	5	0.2	6	0.1	7	0.2	8	0.1	9	0.1	10	-1	11	1
12	-1e30	0	0	0.085027	1	0.5	2	0.2	3	0.1	4	0.1	5	0.2	6	0.1	7	0.3	8	0.1	9	0.1	10	-1	11	1
12	-1e30	0	0	0.085647	1	0.4	2	0.1	3	0.1	4	0.1	5	0.2	6	0.1	7	0.3	8	0.1	9	0.1	10	-1	11	1
12	-1e30	0	0	0.085886	1	0.2	2	0.1	3	0.1	4	0.2	5	0.3	6	0.1	7	0.2	8	0.1	9	0.1	10	-1	11	1
12	-1e30	0	0	0.08594	1	0.1	2	0.1	3	0.1	4	0.1	5	0.2	6	0.1	7	0.3	8	0.1	9	0.1	10	-1	11	1
12	-1e30	0	0	0.085991	1	0.3	2	0.1	3	0.1	4	0.2	5	0.2	6	0.1	7	0.1	8	0.1	9	0.1	10	-1	11	1
12	-1e30	0	0	0.086049	1	0.4	2	0.1	3	0.1	4	0.1	5	0.2	6	0.1	7	0.3	8	0.1	9	0.1	10	-1	11	1
12	-1e30	0	0	0.086087	1	0.1	2	0.1	3	0.1	4	0.1	5	0.2	6	0.1	7	0.2	8	0.1	9	0.1	10	-1	11	1
12	-1e30	0	0	0.086253	1	0.2	2	0.1	3	0.1	4	0.1	5	0.2	6	0.1	7	0.3	8	0.1	9	0.1	10	-1	11	1
12	-1e30	0	0	0.08652	1	0.1	2	0.1	3	0.1	4	0.1	5	0.2	6	0.1	7	0.3	8	0.1	9	0.1	10	-1	11	1
12	-1e30	0	0	0.086611	1	0.2	2	0.1	3	0.1	4	0.2	5	0.2	6	0.1	7	0.1	8	0.1	9	0.1	10	-1	11	1
12	-1e30	0	0	0.086648	1	0.5	2	0.1	3	0.1	4	0.1	5	0.2	6	0.1	7	0.3	8	0.1	9	0.1	10	-1	11	1
12	-1e30	0	0	0.086773	1	0.4	2	0.1	3	0.2	4	0.1	5	0.2	6	0.1	7	0.3	8	0.1	9	0.1	10	-1	11	1
12	-1e30	0	0	0.087088	1	0.1	2	0.1	3	0.1	4	0.1	5	0.2	6	0.1	7	0.2	8	0.3	9	0.1	10	-1	11	1
12	-1e30	0	0	0.087262	1	0.1	2	0.1	3	0.2	4	0.2	5	0.2	6	0.1	7	0.3	8	0.1	9	0.1	10	-1	11	1
12	-1e30	0	0	0.087437	1	0.1	2	0.1	3	0.1	4	0.1	5	0.2	6	0.1	7	0.2	8	0.1	9	0.1	10	-1	11	1
12	-1e30	0	0	0.087483	1	0.3	2	0.1	3	0.1	4	0.1	5	0.2	6	0.1	7	0.3	8	0.1	9	0.1	10	-1	11	1
12	-1e30	0	0	0.087519	1	0.1	2	0.1	3	0.1	4	0.1	5	1	6	0.1	7	0.1	8	0.1	9	0.1	10	-1	11	1
12	-1e30	0	0	0.087598	1	0.5	2	0.1	3	0.3	4	0.1	5	0.2	6	0.1	7	0.2	8	0.1	9	0.1	10	-1	11	1
12	-1e30	0	0	0.08769	1	0.2	2	0.1	3	0.1	4	0.1	5	0.2	6	0.1	7	0.3	8	0.1	9	0.1	10	-1	11	1
12	-1e30	0	0	0.087743	1	0.3	2	0.1	3	0.1	4	0.1	5	0.2	6	0.1	7	0.2	8	0.2	9	0.1	10	-1	11	1
12	-1e30	0	0	0.087766	1	0.3	2	0.1	3	0.1	4	0.1	5	0.3	6	0.1	7	0.2	8	0.1	9	0.1	10	-1	11	1
12	-1e30	0	0	0.087883	1	0.4	2	0.1	3	0.1	4	0.1	5	0.2	6	0.1	7	0.2	8	0.1	9	0.1	10	-1	11	1
12	-1e30	0	0	0.087883	1	0.3	2	0.1	3	0.1	4	0.1	5	0.2	6	0.1	7	0.1	8	0.1	9	0.1	10	-1	11	1
12	-1e30	0	0	0.087945	1	0.4	2	0.1	3	0.2	4	0.1	5	0.2	6	0.1	7	0.2	8	0.1	9	0.1	10	-1	11	1
12	-1e30	0	0	0.087965	1	0.3	2	0.1	3	0.1	4	0.1	5	0.2	6	0.1	7	0.1	8	0.1	9	0.1	10	-1	11	1
12	-1e30	0	0	0.087995	1	0.2	2	0.1	3	0.1	4	0.1	5	0.2	6	0.1	7	0.1	8	0.1	9	0.1	10	-1	11	1
12	-1e30	0	0	0.088019	1	0.2	2	0.1	3	0.1	4	0.1	5	0.2	6	0.1	7	0.2	8	0.1	9	0.1	10	-1	11	1
12	-1e30	0	0	0.088258	1	0.3	2	0.1	3	0.1	4	0.3	5	0.8	6	0.1	7	0.5	8	0.8	9	0.1	10	-1	11	1
12	-1e30	0	0	0.088334	1	0.1	2	0.1	3	0.1	4	0.1	5	0.1	6	0.1	7	0.3	8	0.1	9	0.1	10	-1	11	1
12	-1e30	0	0	0.088483	1	0.1	2	0.1	3	0.1	4	0.1	5	0.2	6	0.1	7	0.1	8	0.1	9	0.1	10	-1	11	1
12	-1e30	0	0	0.088677	1	0.1	2	0.2	3	0.2	4	0.1	5	0.2	6	0.1	7	0.2	8	0.1	9	0.1	10	-1	11	1
12	-1e30	0	0	0.088686	1	0.2	2	0.1	3	0.1	4	0.1	5	0.2	6	0.1	7	0.3	8	0.1	9	0.1	10	-1	11	1
12	-1e30	0	0	0.088973	1	0.4	2	0.1	3	0.1	4	0.1	5	0.2	6	0.1	7	0.3	8	0.2	9	0.1	10	-1	11	1
12	-1e30	0	0	0.088988	1	0.3	2	0.1	3	0.1	4	0.1	5	0.2	6	0.1	7	0.3	8	0.1	9	0.1	10	-1	11	1
12	-1e30	0	0	0.089089	1	0.3	2	0.1	3	0.1	4	0.1	5	0.2	6	0.1	7	0.3	8	0.1	9	0.1	10	-1	11	1
12	-1e30	0	0	0.089132	1	0.1	2	0.1	3	0.1	4	0.2	5	0.1	6	0.1	7	0.1	8	0.1	9	0.1	10	-1	11	1
12	-1e30	0	0	0.08917	1	0.3	2	0.1	3	0.1	4	0.1	5	0.2	6	0.1	7	0.1	8	0.1	9	0.1	10	-1	11	1
12	-1e30	0	0	0.089189	1	0.1	2	0.1	3	0.1	4	0.1	5	0.2	6	0.1	7	0.3	8	0.1	9	0.1	10	-1	11	1
12	-1e30	0	0	0.089248	1	0.1	2	0.1	3	0.1	4	0.1	5	0.2	6	0.1	7	0.2	8	0.1	9	0.1	10	-1	11	1
12	-1e30	0	0	0.089327	1	0.2	2	0.1	3	0.1	4	0.1	5	0.2	6	0.1	7	0.3	8	0.1	9	0.1	10	-1	11	1
12	-1e30	0	0	0.089348	1	0.4	2	0.1	3	0.1	4	0.1	5	0.2	6	0.1	7	0.3	8	0.1	9	0.1	10	-1	11	1
12	-1e30	0	0	0.089421	1	0.1	2	0.1	3	0.1	4	0.1	5	0.1	6	0.1	7	0.3	8	0.1	9	0.1	10	-1	11	1
12	-1e30	0	0	0.089506	1	0.1	2	0.1	3	0.1	4	0.1	5	0.2	6	0.1	7	0.1	8	0.1	9	0.1	10	-1	11	1
12	-1e30	0	0	0.089555	1	0.6	2	0.1	3	0.1	4	0.1	5	0.2	6	0.1	7	0.3	8	0.1	9	0.1	10	-1	11	1
12	-1e30	0	0	0.089643	1	0.2	2	0.1	3	0.1	4	0.1	5	0.1	6	0.1	7	0.3	8	0.1	9	0.1	10	-1	11	1
12	-1e30	0	0	0.089807	1	0.1	2	0.2	3	0.3	4	0.1	5	0.2	6	0.1	7	0.3	8	0.1	9	0.1	10	-1	11	1
12	-1e30	0	0	0.0901	1	0.5	2	0.1	3	0.1	4	0.1	5	0.2	6	0.1	7	0.2	8	0.1	9	0.1	10	-1	11	1
12	-1e30	0	0	0.090101	1	0.1	2	0.1	3	0.1	4	0.1	5	0.2	6	0.1	7	0.3	8	0.1	9	0.1	10	-1	11	1
12	-1e30	0	0	0.090114	1	0.3	2	0.1	3	0.1	4	0.1	5	0.2	6	0.1	7	0.3	8	0.1	9	0.1	10	-1	11	1
12	-1e30	0	0	0.090114	1	0.4	2	0.1	3	0.1	4	0.1	5	0.2	6	0.1	7	0.3	8	0.1	9	0.1	10	-1	11	1
12	-1e30	0	0	0.090185	1	0.5	2	0.1	3	0.1	4	0.4	5	0.2	6	0.1	7	0.3	8	0.1	9	0.1	10	-1	11	1
12	-1e30	0	0	0.090238	1	0.1	2	0.1	3	0.1	4	0.1	5	0.2	6	0.1	7	0.1	8	0.1	9	0.1	10	-1	11	1
12	-1e30	0	0	0.090272	1	0.3	2	0.1	3	0.1	4	0.1	5	0.2	6	0.1	7	0.2	8	0.1	9	0.1	10	-1	11	1
12	-1e30	0	0	0.09045	1	0.1	2	0.1	3	0.1	4	0.1	5	0.2	6	0.1	7	0.3	8	0.1	9	0.1	10	-1	11	1
12	-1e30	0	0	0.090458	1	0.5	2	0.1	3	0.1	4	0.1	5	0.2	6	0.1	7	0.3	8	0.1	9	0.1	10	-1	11	1
12	-1e30	0	0	0.090474	1	0.1	2	0.1	3	0.1	4	0.1	5	0.2	6	0.1	7	0.3	8	0.1	9	0.1	10	-1	11	1
12	-1e30	0	0	0.090592	1	0.1	2	0.1	3	0.1	4	0.1	5	0.1	6	0.1	7	0.3	8	0.1	9	0.1	10	-1	11	1
12	-1e30	0	0	0.090592	1	0.1	2	0.1	3	0.1	4	0.1	5	0.1	6	0.1	7	0.3	8	0.1	9	0.1	10	-1	11	1
12	-1e30	0	0	0.090633	1	0.5	2	0.1	3	0.1	4	0.1	5	0.1	6	0.1	7	0.3	8	0.1	9	0.1	10	-1	11	1
12	-1e30	0	0	0.090702	1	0.1	2	0.1	3	0.1	4	0.1	5	0.2	6	0.1	7	0.3	8	0.1	9	0.1	10	-1	11	1
12	-1e30	0	0	0.090921	1	0.1	2	0.1	3	0.1	4	0.1	5	0.2	6	0.1	7	0.2	8	0.1	9	0.1	10	-1	11	1
12	-1e30	0	0	0.090932	1	0.1	2	0.1	3	0.1	4	0.1	5	0.2	6	0.1	7	0.3	8	0.1	9	0.1	10	-1	11	1
12	-1e30	0	0	0.090972	1	0.6	2	0.1	3	0.3	4	0.1	5	0.2	6	0.1	7	0.3	8	0.1	9	0.1	10	-1	11	1
12	-1e30	0	0	0.090999	1	0.1	2	0.1	3	0.1	4	0.2	5	0.2	6	0.1	7	0.3	8	0.1	9	0.1	10	-1	11	1
12	-1e30	0	0	0.091215	1	0.1	2	0.1	3	0.1	4	0.1	5	0.2	6	0.1	7	0.2	8	0.1	9	0.1	10	-1	11	1
12	-1e30	0	0	0.091295	1	0.1	2	0.1	3	0.1	4	0.1	5	0.1	6	0.1	7	0.3	8	0.1	9	0.1	10	-1	11	1
12	-1e30	0	0	0.091547	1	0.8	2	0.4	3	0.6	4	0.3	5	0.3	6	0.1	7	0.4	8	0.3	9	0.1	10	-1	11	1
12	-1e30	0	0	0.091869	1	0.3	2	0.3	3	0.2	4	0.1	5	0.3	6	0.1	7	0.3	8	0.6	9	0.1	10	-1	11	1
12	-1e30	0	0	0.094846	1	0.3	2	0.1	3	0.1	4	0.3	5	0.1	6	0.1	7	0.3	8	0.1	9	0.1	10	-1	11	1
12	-1e30	0	0	0.094915	1	0.2	2	0.1	3	0.1	4	0.1	5	0.2	6	0.1	7	0.3	8	0.1	9	0.1	10	-1	11	1
12	-1e30	0	0	0.095548	1	0.1	2	0.1	3	0.1	4	0.1	5	0.2	6	0.1	7	0.3	8	0.1	9	0.1	10	-1	11	1
12	-1e30	0	0	0.012452	1	0.4	2	0.1	3	0.1	4	0.1	5	0.2	6	0.1	7	0.3	8	0.6	9	0.1	10	-1	11	1
12	-1e30	0	0	0.013669	1	0.1	2	0.2	3	0.2	4	0.1	5	0.2	6	0.1	7	0.1	8	0.1	9	0.1	10	-1	11	1
12	-1e30	0	0	0.087883	1	0.3	2	0.1	3	0.1	4	0.1	5	0.2	6	0.1	7	0.1	8	0.1	9	0.1	10	-1	11	1
12	-1e30	0	0	0.087883	1	0.3	2	0.1	3	0.1	4	0.1	5	0.2	6	0.1	7	0.2	8	0.1	9	0.1	10	-1	11	1
12	-1e30	0	0	0.089089	1	0.3	2	0.1	3	0.1	4	0.1	5	0.2	6	0.1	7	0.3	8	0.1	9	0.1	10	-1	11	1
12	-1e30	0	0	0.087883	1	0.5	2	0.1	3	0.4	4	0.1	5	0.2	6	0.1	7	0.3	8	0.2	9	0.1	10	-1	11	1
12	-1e30	0	0	0.028623	1	0.1	2	0.1	3	0.1	4	0.1	5	0.2	6	0.1	7	0.3	8	0.1	9	0.1	10	-1	11	1
12	-1e30	0	0	0.030581	1	0.5	2	0.1	3	0.1	4	0.1	5	0.2	6	0.1	7	0.3	8	0.1	9	0.1	10	-1	11	1
12	-1e30	0	0	0.032071	1	0.3	2	0.1	3	0.1	4	0.1	5	0.2	6	0.1	7	0.3	8	0.2	9	0.1	10	-1	11	1
12	-1e30	0	0	0.032296	1	0.3	2	0.1	3	0.1	4	0.1	5	0.2	6	0.1	7	0.2	8	0.1	9	0.1	10	-1	11	1
12	-1e30	0	0	0.033615	1	0.1	2	0.1	3	0.1	4	0.1	5	0.2	6	0.1	7	0.2	8	0.1	9	0.1	10	-1	11	1
12	-1e30	0	0	0.033913	1	0.1	2	0.1	3	0.1	4	0.1	5	0.2	6	0.1	7	0.3	8	0.1	9	0.1	10	-1	11	1
12	-1e30	0	0	0.036143	1	0.3	2	0.1	3	0.1	4	0.1	5	0.2	6	0.1	7	0.3	8	0.1	9	0.1	10	-1	11	1
12	-1e30	0	0	0.036171	1	0.2	2	0.1	3	0.1	4	0.2	5	0.2	6	0.1	7	0.3	8	0.1	9	0.1	10	-1	11	1
12	-1e30	0	0	0.039789	1	0.3	2	0.1	3	0.1	4	0.1	5	0.3	6	0.1	7	0.2	8	0.1	9	0.1	10	-1	11	1
12	-1e30	0	0	0.041673	1	0.1	2	0.1	3	0.1	4	0.1	5	0.2	6	0.1	7	0.1	8	0.1	9	0.1	10	-1	11	1
12	-1e30	0	0	0.041732	1	0.1	2	0.1	3	0.1	4	0.1	5	0.2	6	0.1	7	0.3	8	0.1	9	0.1	10	-1	11	1
12	-1e30	0	0	0.046468	1	0.8	2	0.2	3	0.1	4	0.1	5	0.5	6	0.1	7	0.1	8	0.1	9	0.1	10	-1	11	1
12	-1e30	0	0	0.047281	1	0.1	2	0.1	3	0.1	4	0.1	5	0.2	6	0.1	7	0.3	8	0.1	9	0.1	10	-1	11	1
12	-1e30	0	0	0.048081	1	0.1	2	0.1	3	0.1	4	0.1	5	0.2	6	0.1	7	0.3	8	0.1	9	0.1	10	-1	11	1
12	-1e30	0	0	0.049507	1	0.1	2	0.1	3	0.1	4	0.1	5	0.2	6	0.1	7	0.3	8	0.1	9	0.1	10	-1	11	1
12	-1e30	0	0	0.049571	1	0.1	2	0.1	3	0.1	4	0.1	5	0.2	6	0.1	7	0.3	8	0.1	9	0.1	10	-1	11	1
12	-1e30	0	0	0.05091	1	0.2	2	0.1	3	0.1	4	0.1	5	0.3	6	0.1	7	0.2	8	0.1	9	0.1	10	-1	11	1
12	-1e30	0	0	0.051138	1	0.1	2	0.1	3	0.1	4	0.1	5	0.2	6	0.1	7	0.1	8	0.1	9	0.1	10	-1	11	1
12	-1e30	0	0	0.05156	1	0.1	2	0.1	3	0.1	4	0.1	5	0.2	6	0.1	7	0.1	8	0.1	9	0.1	10	-1	11	1
12	-1e30	0	0	0.052332	1	0.1	2	0.1	3	0.1	4	0.1	5	0.1	6	0.1	7	0.2	8	0.1	9	0.1	10	-1	11	1
12	-1e30	0	0	0.053413	1	0.1	2	0.1	3	0.1	4	0.1	5	0.5	6	0.1	7	0.3	8	0.1	9	0.1	10	-1	11	1
12	-1e30	0	0	0.054528	1	0.3	2	0.1	3	0.1	4	0.1	5	0.2	6	0.1	7	0.3	8	0.1	9	0.1	10	-1	11	1
12	-1e30	0	0	0.055037	1	0.1	2	0.1	3	0.1	4	0.1	5	0.2	6	0.1	7	0.3	8	0.1	9	0.1	10	-1	11	1
12	-1e30	0	0	0.05525	1	0.3	2	0.2	3	0.2	4	0.1	5	0.2	6	0.1	7	0.2	8	0.3	9	0.1	10	-1	11	1
12	-1e30	0	0	0.0562	1	0.1	2	0.1	3	0.1	4	0.1	5	0.2	6	0.1	7	0.2	8	0.1	9	0.1	10	-1	11	1
12	-1e30	0	0	0.056857	1	0.5	2	0.1	3	0.1	4	0.1	5	0.2	6	0.1	7	0.3	8	0.1	9	0.2	10	-1	11	1
12	-1e30	0	0	0.057235	1	0.5	2	0.2	3	0.2	4	0.2	5	0.2	6	0.1	7	0.2	8	0.2	9	0.1	10	-1	11	1
12	-1e30	0	0	0.058921	1	0.1	2	0.1	3	0.1	4	0.1	5	0.2	6	0.1	7	0.1	8	0.1	9	0.1	10	-1	11	1
12	-1e30	0	0	0.059344	1	0.1	2	0.1	3	0.1	4	0.1	5	0.2	6	0.1	7	0.3	8	0.1	9	0.1	10	-1	11	1
12	-1e30	0	0	0.052332	1	0.1	2	0.1	3	0.1	4	0.1	5	0.1	6	0.1	7	0.2	8	0.1	9	0.1	10	-1	11	1
12	-1e30	0	0	0.060211	1	0.1	2	0.1	3	0.1	4	0.1	5	0.2	6	0.1	7	0.3	8	0.1	9	0.1	10	-1	11	1
12	-1e30	0	0	0.060521	1	0.2	2	0.1	3	0.1	4	0.1	5	0.2	6	0.1	7	0.1	8	0.1	9	0.1	10	-1	11	1
12	-1e30	0	0	0.060569	1	0.1	2	0.1	3	0.1	4	0.1	5	0.2	6	0.1	7	0.1	8	0.1	9	0.1	10	-1	11	1
12	-1e30	0	0	0.061461	1	0.1	2	0.1	3	0.1	4	0.1	5	0.2	6	0.1	7	0.1	8	0.1	9	0.1	10	-1	11	1
12	-1e30	0	0	0.061741	1	0.5	2	0.2	3	0.2	4	0.2	5	0.3	6	0.1	7	0.1	8	0.3	9	0.1	10	-1	11	1
12	-1e30	0	0	0.061784	1	0.1	2	0.1	3	0.1	4	0.1	5	0.1	6	0.1	7	0.1	8	0.3	9	0.1	10	-1	11	1
12	-1e30	0	0	0.062168	1	0.5	2	0.1	3	0.1	4	0.3	5	0.2	6	0.1	7	0.1	8	0.1	9	0.1	10	-1	11	1
12	-1e30	0	0	0.062216	1	0.2	2	0.1	3	0.1	4	0.1	5	0.2	6	0.1	7	0.3	8	0.1	9	0.1	10	-1	11	1
12	-1e30	0	0	0.063587	1	0.1	2	0.1	3	0.1	4	0.1	5	0.2	6	0.1	7	0.2	8	0.1	9	0.1	10	-1	11	1
12	-1e30	0	0	0.063754	1	0.4	2	0.1	3	0.1	4	0.1	5	0.3	6	0.1	7	0.2	8	0.2	9	0.1	10	-1	11	1
12	-1e30	0	0	0.066626	1	0.2	2	0.1	3	0.1	4	0.1	5	0.2	6	0.1	7	0.3	8	0.1	9	0.1	10	-1	11	1
12	-1e30	0	0	0.066683	1	0.2	2	0.1	3	0.1	4	0.1	5	0.2	6	0.1	7	0.2	8	0.1	9	0.1	10	-1	11	1
12	-1e30	0	0	0.025437	1	0.1	2	0.1	3	0.3	4	0.1	5	0.2	6	0.1	7	0.1	8	0.1	9	0.1	10	-1	11	1
12	-1e30	0	0	0.031856	1	0.1	2	0.1	3	0.3	4	0.1	5	0.1	6	0.1	7	0.2	8	0.1	9	0.1	10	-1	11	1
12	-1e30	0	0	0.03661	1	0.4	2	0.3	3	0.2	4	0.1	5	0.3	6	0.1	7	0.2	8	0.1	9	0.1	10	-1	11	1
12	-1e30	0	0	0.036676	1	0.1	2	0.1	3	0.3	4	0.1	5	0.2	6	0.1	7	0.1	8	0.1	9	0.1	10	-1	11	1
12	-1e30	0	0	0.036676	1	0.4	2	0.1	3	0.2	4	0.1	5	0.2	6	0.1	7	0.2	8	0.1	9	0.1	10	-1	11	1
12	-1e30	0	0	0.038756	1	0.5	2	0.1	3	0.1	4	0.2	5	0.2	6	0.1	7	0.2	8	0.1	9	0.1	10	-1	11	1
12	-1e30	0	0	0.041673	1	0.3	2	0.1	3	0.2	4	0.1	5	0.2	6	0.1	7	0.2	8	0.1	9	0.1	10	-1	11	1
12	-1e30	0	0	0.047303	1	0.1	2	0.1	3	0.1	4	0.1	5	0.2	6	0.1	7	0.1	8	0.1	9	0.1	10	-1	11	1
12	-1e30	0	0	0.047621	1	0.1	2	0.1	3	0.1	4	0.1	5	0.2	6	0.1	7	0.2	8	0.1	9	0.1	10	-1	11	1
12	-1e30	0	0	0.048627	1	0.1	2	0.1	3	0.1	4	0.1	5	0.1	6	0.1	7	0.2	8	0.1	9	0.1	10	-1	11	1
12	-1e30	0	0	0.048888	1	0.3	2	0.1	3	0.1	4	0.4	5	0.3	6	0.1	7	0.2	8	0.2	9	0.1	10	-1	11	1
12	-1e30	0	0	0.050986	1	0.5	2	0.3	3	0.4	4	0.1	5	0.4	6	0.1	7	0.3	8	0.1	9	0.1	10	-1	11	1
12	-1e30	0	0	0.059865	1	0.1	2	0.1	3	0.1	4	0.1	5	0.2	6	0.1	7	0.1	8	0.1	9	0.1	10	-1	11	1
12	-1e30	0	0	0.074512	1	0.3	2	0.2	3	0.2	4	0.2	5	0.2	6	0.1	7	0.3	8	0.2	9	0.1	10	-1	11	1
12	-1e30	0	0	0.07598	1	0.2	2	0.1	3	0.1	4	0.1	5	0.2	6	0.1	7	0.1	8	0.1	9	0.1	10	-1	11	1
12	-1e30	0	0	0.076267	1	0.2	2	0.1	3	0.1	4	0.1	5	0.2	6	0.1	7	0.1	8	0.1	9	0.1	10	-1	11	1
12	-1e30	0	0	0.079609	1	0.3	2	0.3	3	0.2	4	0.2	5	0.3	6	0.1	7	0.1	8	0.2	9	0.3	10	-1	11	1
12	-1e30	0	0	0.082841	1	0.5	2	0.3	3	0.3	4	0.2	5	0.3	6	0.1	7	0.3	8	0.1	9	0.1	10	-1	11	1
12	-1e30	0	0	0.082841	1	0.2	2	0.1	3	0.1	4	0.1	5	0.2	6	0.1	7	0.2	8	0.2	9	0.1	10	-1	11	1
12	-1e30	0	0	0.084093	1	0.1	2	0.1	3	0.1	4	0.2	5	0.2	6	0.1	7	0.2	8	0.1	9	0.1	10	-1	11	1
12	-1e30	0	0	0.085921	1	0.3	2	0.1	3	0.1	4	0.1	5	0.2	6	0.1	7	0.2	8	0.1	9	0.1	10	-1	11	1
12	-1e30	0	0	0.086087	1	0.1	2	0.1	3	0.1	4	0.1	5	0.1	6	0.1	7	0.1	8	0.1	9	0.1	10	-1	11	1
12	-1e30	0	0	0.086099	1	0.1	2	0.2	3	0.3	4	0.1	5	0.2	6	0.1	7	0.2	8	0.1	9	0.1	10	-1	11	1
12	-1e30	0	0	0.086833	1	0.3	2	0.1	3	0.1	4	0.1	5	0.2	6	0.1	7	0.2	8	0.1	9	0.1	10	-1	11	1
12	-1e30	0	0	0.087421	1	0.3	2	0.1	3	0.1	4	0.1	5	0.2	6	0.1	7	0.3	8	0.1	9	0.1	10	-1	11	1
12	-1e30	0	0	0.088913	1	0.4	2	0.1	3	0.1	4	0.1	5	0.2	6	0.1	7	0.1	8	0.1	9	0.1	10	-1	11	1
12	-1e30	0	0	0.088928	1	0.3	2	0.2	3	0.1	4	0.1	5	0.2	6	0.1	7	0.2	8	0.2	9	0.1	10	-1	11	1
12	-1e30	0	0	0.08966	1	0.1	2	0.2	3	0.3	4	0.1	5	0.2	6	0.1	7	0.1	8	0.1	9	0.1	10	-1	11	1
12	-1e30	0	0	0.090215	1	0.3	2	0.1	3	0.1	4	0.1	5	0.2	6	0.1	7	0.1	8	0.1	9	0.1	10	-1	11	1
12	-1e30	0	0	0.0909	1	0.5	2	0.3	3	0.3	4	0.1	5	0.2	6	0.1	7	0.2	8	0.1	9	0.1	10	-1	11	1
12	-1e30	0	0	0.09094	1	0.1	2	0.2	3	0.1	4	0.3	5	0.2	6	0.1	7	0.1	8	0.2	9	0.1	10	-1	11	1
12	-1e30	0	0	0.091415	1	0.1	2	0.1	3	0.1	4	0.1	5	0.2	6	0.1	7	0.2	8	0.1	9	0.1	10	-1	11	1
12	-1e30	0	0	0.091558	1	0.4	2	0.2	3	0.2	4	0.1	5	0.2	6	0.1	7	0.2	8	0.1	9	0.1	10	-1	11	1
12	-1e30	0	0	0.091759	1	0.1	2	0.1	3	0.1	4	0.1	5	0.2	6	0.1	7	0.2	8	0.1	9	0.1	10	-1	11	1
12	-1e30	0	0	0.091991	1	0.3	2	0.1	3	0.2	4	0.1	5	0.2	6	0.1	7	0.2	8	0.1	9	0.1	10	-1	11	1
12	-1e30	0	0	0.092016	1	0.1	2	0.1	3	0.1	4	0.1	5	0.2	6	0.1	7	0.2	8	0.1	9	0.1	10	-1	11	1
12	-1e30	0	0	0.092083	1	0.5	2	0.1	3	0.2	4	0.1	5	0.2	6	0.1	7	0.3	8	0.1	9	0.1	10	-1	11	1
12	-1e30	0	0	0.092161	1	0.1	2	0.1	3	0.1	4	0.1	5	0.2	6	0.1	7	0.2	8	0.1	9	0.1	10	-1	11	1
12	-1e30	0	0	0.093167	1	0.2	2	0.3	3	0.1	4	0.1	5	0.5	6	0.1	7	0.1	8	0.1	9	0.1	10	-1	11	1
12	-1e30	0	0	0.093475	1	0.4	2	0.3	3	0.3	4	0.1	5	0.2	6	0.1	7	0.3	8	0.3	9	0.1	10	-1	11	1
12	-1e30	0	0	0.093488	1	0.5	2	0.1	3	0.3	4	0.1	5	0.2	6	0.1	7	0.2	8	0.1	9	0.1	10	-1	11	1
12	-1e30	0	0	0.093497	1	0.3	2	0.1	3	0.1	4	0.1	5	0.2	6	0.1	7	0.1	8	0.1	9	0.1	10	-1	11	1
12	-1e30	0	0	0.093543	1	0.5	2	0.3	3	0.6	4	0.1	5	0.2	6	0.1	7	0.1	8	0.1	9	0.1	10	-1	11	1
12	-1e30	0	0	0.094545	1	0.1	2	0.1	3	0.1	4	0.1	5	0.2	6	0.1	7	0.2	8	0.1	9	0.1	10	-1	11	1
12	-1e30	0	0	0.094846	1	0.2	2	0.1	3	0.1	4	0.1	5	0.2	6	0.1	7	0.2	8	0.1	9	0.1	10	-1	11	1
12	-1e30	0	0	0.094846	1	0.1	2	0.3	3	0.1	4	0.1	5	0.2	6	0.1	7	0.2	8	0.2	9	0.1	10	-1	11	1
12	-1e30	0	0	0.094846	1	0.5	2	0.1	3	0.1	4	0.3	5	0.4	6	0.1	7	0.3	8	0.2	9	0.1	10	-1	11	1
12	-1e30	0	0	0.09496	1	0.5	2	0.1	3	0.1	4	0.1	5	0.2	6	0.1	7	0.2	8	0.2	9	0.1	10	-1	11	1
12	-1e30	0	0	0.096135	1	0.3	2	0.2	3	0.2	4	0.3	5	0.2	6	0.1	7	0.1	8	0.1	9	0.1	10	-1	11	1
12	-1e30	0	0	0.039195	1	0.4	2	0.1	3	0.1	4	0.1	5	0.2	6	0.1	7	0.1	8	0.1	9	0.1	10	-1	11	1
12	-1e30	0	0	0.041514	1	0.4	2	0.1	3	0.3	4	0.3	5	0.2	6	0.1	7	0.1	8	0.1	9	0.1	10	-1	11	1
12	-1e30	0	0	0.042106	1	0.5	2	0.1	3	0.1	4	0.1	5	0.2	6	0.1	7	0.1	8	0.1	9	0.1	10	-1	11	1
12	-1e30	0	0	0.058015	1	0.5	2	0.1	3	0.1	4	0.6	5	0.3	6	0.1	7	0.2	8	0.1	9	0.1	10	-1	11	1
12	-1e30	0	0	0.061514	1	0.2	2	0.1	3	0.1	4	0.1	5	0.2	6	0.1	7	0.1	8	0.1	9	0.1	10	-1	11	1
12	-1e30	0	0	0.07803	1	0.1	2	0.1	3	0.1	4	0.1	5	0.2	6	0.1	7	0.1	8	0.1	9	0.1	10	-1	11	1
12	-1e30	0	0	0.078699	1	0.5	2	0.1	3	0.1	4	0.1	5	0.2	6	0.1	7	0.1	8	0.1	9	0.1	10	-1	11	1
12	-1e30	0	0	0.087883	1	0.1	2	0.1	3	0.1	4	0.1	5	0.1	6	0.1	7	0.1	8	0.1	9	0.1	10	-1	11	1
12	-1e30	0	0	0.089329	1	0.4	2	0.1	3	0.1	4	0.3	5	0.1	6	0.1	7	0.2	8	0.1	9	0.1	10	-1	11	1
12	-1e30	0	0	0.089358	1	0.5	2	0.1	3	0.1	4	0.1	5	0.2	6	0.1	7	0.1	8	0.1	9	0.1	10	-1	11	1
12	-1e30	0	0	0.091203	1	0.3	2	0.1	3	0.1	4	0.3	5	0.2	6	0.1	7	0.1	8	0.1	9	0.1	10	-1	11	1
12	-1e30	0	0	0.092045	1	0.2	2	0.3	3	0.1	4	0.1	5	0.3	6	0.1	7	0.1	8	0.1	9	0.1	10	-1	11	1
12	-1e30	0	0	0.094105	1	0.5	2	0.1	3	0.2	4	0.1	5	0.2	6	0.1	7	0.1	8	0.1	9	0.1	10	-1	11	1
12	-1e30	0	0	0.094237	1	0.5	2	0.1	3	0.3	4	0.1	5	0.2	6	0.1	7	0.1	8	0.1	9	0.1	10	-1	11	1
12	-1e30	0	0	0.094268	1	0.5	2	0.1	3	0.1	4	0.3	5	0.2	6	0.1	7	0.1	8	0.1	9	0.1	10	-1	11	1
12	-1e30	0	0	0.094846	1	0.6	2	0.1	3	0.1	4	0.3	5	0.2	6	0.1	7	0.1	8	0.1	9	0.1	10	-1	11	1
12	-1e30	0	0	0.095156	1	0.4	2	0.1	3	0.1	4	0.1	5	0.2	6	0.1	7	0.1	8	0.2	9	0.1	10	-1	11	1
12	-1e30	0	0	0.096175	1	0.4	2	0.1	3	0.1	4	0.1	5	0.2	6	0.1	7	0.1	8	0.1	9	0.1	10	-1	11	1
12	-1e30	0	0	0.082169	1	0.4	2	0.1	3	0.1	4	0.1	5	0.2	6	0.1	7	0.1	8	0.1	9	0.1	10	-1	11	1
12	-1e30	0	0	0.087829	1	0.1	2	0.1	3	0.2	4	0.1	5	0.2	6	0.1	7	0.2	8	0.1	9	0.1	10	-1	11	1
12	-1e30	0	0	0.090052	1	0.3	2	0.1	3	0.1	4	0.1	5	0.1	6	0.1	7	0.2	8	0.1	9	0.1	10	-1	11	1
12	-1e30	0	0	0.092073	1	0.6	2	0.1	3	0.1	4	0.3	5	0.2	6	0.1	7	0.1	8	0.1	9	0.1	10	-1	11	1
12	-1e30	0	0	0.093472	1	0.6	2	0.1	3	0.1	4	0.1	5	0.1	6	0.1	7	0.1	8	0.1	9	0.1	10	-1	11	1
12	-1e30	0	0	0.094362	1	0.4	2	0.1	3	0.1	4	0.1	5	0.2	6	0.1	7	0.1	8	0.1	9	0.1	10	-1	11	1
12	-1e30	0	0	0.094924	1	0.5	2	0.1	3	0.1	4	0.1	5	0.2	6	0.1	7	0.1	8	0.1	9	0.1	10	-1	11	1
12	-1e30	0	0	0.095678	1	0.3	2	0.1	3	0.1	4	0.1	5	0.2	6	0.1	7	0.1	8	0.1	9	0.1	10	-1	11	1
12	-1e30	0	0	0.096328	1	0.4	2	0.1	3	0.2	4	0.1	5	0.2	6	0.1	7	0.1	8	0.1	9	0.1	10	-1	11	1
12	-1e30	0	0	0.096345	1	0.4	2	0.1	3	0.1	4	0.1	5	0.2	6	0.1	7	0.1	8	0.1	9	0.1	10	-1	11	1
12	-1e30	0	0	0.09637	1	0.5	2	0.2	3	0.1	4	0.1	5	0.2	6	0.1	7	0.1	8	0.1	9	0.1	10	-1	11	1
12	-1e30	0	0	0.096768	1	0.5	2	0.1	3	0.1	4	0.1	5	0.1	6	0.1	7	0.1	8	0.1	9	0.1	10	-1	11	1
12	-1e30	0	0	0.096803	1	0.5	2	0.3	3	0.2	4	0.4	5	0.2	6	0.1	7	0.1	8	0.1	9	0.1	10	-1	11	1
12	-1e30	0	0	0.058528	1	0.5	2	0.1	3	0.2	4	0.1	5	0.2	6	0.1	7	0.1	8	0.1	9	0.1	10	-1	11	1
12	-1e30	0	0	0.079567	1	0.3	2	0.1	3	0.1	4	0.1	5	0.1	6	0.1	7	0.2	8	0.1	9	0.1	10	-1	11	1
12	-1e30	0	0	0.082895	1	0.1	2	0.1	3	0.1	4	0.1	5	0.2	6	0.1	7	0.1	8	0.1	9	0.1	10	-1	11	1
12	-1e30	0	0	0.084284	1	0.4	2	0.1	3	0.1	4	0.1	5	0.1	6	0.1	7	0.2	8	0.1	9	0.1	10	-1	11	1
12	-1e30	0	0	0.087031	1	0.3	2	0.1	3	0.1	4	0.1	5	0.1	6	0.1	7	0.2	8	0.1	9	0.1	10	-1	11	1
12	-1e30	0	0	0.08782	1	0.1	2	0.1	3	0.1	4	0.1	5	0.1	6	0.1	7	0.1	8	0.1	9	0.1	10	-1	11	1
12	-1e30	0	0	0.087883	1	0.4	2	0.2	3	0.1	4	0.1	5	0.2	6	0.1	7	0.1	8	0.1	9	0.1	10	-1	11	1
12	-1e30	0	0	0.089529	1	0.4	2	0.1	3	0.1	4	0.1	5	0.2	6	0.1	7	0.2	8	0.1	9	0.1	10	-1	11	1
12	-1e30	0	0	0.090525	1	0.4	2	0.1	3	0.1	4	0.1	5	0.2	6	0.1	7	0.2	8	0.1	9	0.1	10	-1	11	1
12	-1e30	0	0	0.091016	1	0.6	2	0.1	3	0.1	4	0.1	5	0.2	6	0.1	7	0.3	8	0.1	9	0.1	10	-1	11	1
12	-1e30	0	0	0.092029	1	0.4	2	0.1	3	0.1	4	0.1	5	0.2	6	0.1	7	0.2	8	0.1	9	0.1	10	-1	11	1
12	-1e30	0	0	0.093198	1	0.4	2	0.1	3	0.1	4	0.2	5	0.2	6	0.1	7	0.2	8	0.1	9	0.1	10	-1	11	1
12	-1e30	0	0	0.094088	1	0.4	2	0.1	3	0.1	4	0.1	5	0.2	6	0.1	7	0.3	8	0.1	9	0.1	10	-1	11	1
12	-1e30	0	0	0.094302	1	0.1	2	0.1	3	0.1	4	0.1	5	0.2	6	0.1	7	0.1	8	0.1	9	0.1	10	-1	11	1
12	-1e30	0	0	0.094933	1	0.3	2	0.3	3	0.1	4	0.1	5	0.2	6	0.1	7	0.1	8	0.1	9	0.1	10	-1	11	1
12	-1e30	0	0	0.096424	1	0.5	2	0.1	3	0.1	4	0.1	5	0.2	6	0.1	7	0.1	8	0.1	9	0.1	10	-1	11	1
12	-1e30	0	0	0.096439	1	0.2	2	0.1	3	0.1	4	0.1	5	0.2	6	0.1	7	0.1	8	0.1	9	0.1	10	-1	11	1
12	-1e30	0	0	0.096501	1	0.1	2	0.1	3	0.1	4	0.1	5	0.2	6	0.1	7	0.1	8	0.1	9	0.1	10	-1	11	1
12	-1e30	0	0	0.096617	1	0.5	2	0.1	3	0.1	4	0.1	5	0.2	6	0.1	7	0.2	8	0.1	9	0.1	10	-1	11	1
12	-1e30	0	0	0.096623	1	0.5	2	0.1	3	0.1	4	0.1	5	0.2	6	0.1	7	0.1	8	0.1	9	0.1	10	-1	11	1
12	-1e30	0	0	0.096965	1	0.3	2	0.1	3	0.1	4	0.1	5	0.1	6	0.1	7	0.2	8	0.1	9	0.1	10	-1	11	1
12	-1e30	0	0	0.098115	1	0.1	2	0.1	3	0.1	4	0.1	5	0.1	6	0.1	7	0.1	8	0.1	9	0.1	10	-1	11	1
12	-1e30	0	0	0.098115	1	0.1	2	0.1	3	0.1	4	0.1	5	0.1	6	0.1	7	0.2	8	0.1	9	0.1	10	-1	11	1
12	-1e30	0	0	0.098132	1	0.3	2	0.1	3	0.2	4	0.2	5	0.2	6	0.1	7	0.1	8	0.1	9	0.1	10	-1	11	1
12	-1e30	0	0	0.024757	1	0.1	2	0.1	3	0.1	4	0.1	5	0.3	6	0.1	7	0.1	8	0.1	9	0.1	10	-1	11	1
12	-1e30	0	0	0.027468	1	0.4	2	0.1	3	0.1	4	0.1	5	0.3	6	0.1	7	0.1	8	0.1	9	0.1	10	-1	11	1
12	-1e30	0	0	0.055718	1	0.3	2	0.1	3	0.1	4	0.1	5	0.2	6	0.1	7	0.2	8	0.1	9	0.1	10	-1	11	1
12	-1e30	0	0	0.057202	1	0.3	2	0.1	3	0.1	4	0.2	5	0.2	6	0.1	7	0.1	8	0.1	9	0.1	10	-1	11	1
12	-1e30	0	0	0.057202	1	0.4	2	0.1	3	0.1	4	0.1	5	0.2	6	0.1	7	0.1	8	0.1	9	0.1	10	-1	11	1
12	-1e30	0	0	0.059344	1	0.4	2	0.1	3	0.1	4	0.1	5	0.2	6	0.1	7	0.3	8	0.1	9	0.1	10	-1	11	1
12	-1e30	0	0	0.060029	1	0.6	2	0.1	3	0.3	4	0.2	5	0.2	6	0.1	7	0.1	8	0.1	9	0.1	10	-1	11	1
12	-1e30	0	0	0.61197	1	0.4	2	0.1	3	0.1	4	0.1	5	0.1	6	0.1	7	0.2	8	0.1	9	0.1	10	-1	11	1
12	-1e30	0	0	0.064469	1	0.4	2	0.2	3	0.2	4	0.1	5	0.2	6	0.1	7	0.2	8	0.1	9	0.1	10	-1	11	1
12	-1e30	0	0	0.06465	1	0.1	2	0.1	3	0.1	4	0.1	5	0.1	6	0.1	7	0.3	8	0.1	9	0.1	10	-1	11	1
12	-1e30	0	0	0.077526	1	0.3	2	0.1	3	0.1	4	0.1	5	0.2	6	0.1	7	0.2	8	0.1	9	0.1	10	-1	11	1
12	-1e30	0	0	0.0785	1	0.2	2	0.1	3	0.1	4	0.1	5	0.2	6	0.1	7	0.2	8	0.1	9	0.1	10	-1	11	1
12	-1e30	0	0	0.078933	1	0.1	2	0.1	3	0.3	4	0.2	5	0.2	6	0.1	7	0.3	8	0.1	9	0.1	10	-1	11	1
12	-1e30	0	0	0.082729	1	0.5	2	0.1	3	0.1	4	0.1	5	0.2	6	0.1	7	0.3	8	0.1	9	0.1	10	-1	11	1
12	-1e30	0	0	0.082961	1	0.5	2	0.1	3	0.2	4	0.1	5	0.2	6	0.1	7	0.3	8	0.1	9	0.1	10	-1	11	1
12	-1e30	0	0	0.084366	1	0.4	2	0.1	3	0.1	4	0.1	5	0.2	6	0.1	7	0.2	8	0.1	9	0.1	10	-1	11	1
12	-1e30	0	0	0.085134	1	0.6	2	0.1	3	0.1	4	0.1	5	0.2	6	0.1	7	0.2	8	0.1	9	0.1	10	-1	11	1
12	-1e30	0	0	0.087078	1	0.3	2	0.1	3	0.1	4	0.1	5	0.2	6	0.1	7	0.1	8	0.1	9	0.1	10	-1	11	1
12	-1e30	0	0	0.087321	1	0.5	2	0.3	3	0.1	4	0.1	5	0.2	6	0.1	7	0.1	8	0.1	9	0.1	10	-1	11	1
12	-1e30	0	0	0.088045	1	0.4	2	0.1	3	0.1	4	0.1	5	0.2	6	0.1	7	0.2	8	0.1	9	0.1	10	-1	11	1
12	-1e30	0	0	0.088219	1	0.2	2	0.1	3	0.3	4	0.2	5	0.2	6	0.1	7	0.2	8	0.1	9	0.1	10	-1	11	1
12	-1e30	0	0	0.089007	1	0.5	2	0.1	3	0.1	4	0.1	5	0.2	6	0.1	7	0.2	8	0.1	9	0.1	10	-1	11	1
12	-1e30	0	0	0.092208	1	0.2	2	0.1	3	0.1	4	0.1	5	0.1	6	0.1	7	0.1	8	0.1	9	0.1	10	-1	11	1
12	-1e30	0	0	0.092208	1	0.3	2	0.1	3	0.1	4	0.1	5	0.1	6	0.1	7	0.1	8	0.1	9	0.1	10	-1	11	1
12	-1e30	0	0	0.095729	1	0.3	2	0.1	3	0.1	4	0.1	5	0.2	6	0.1	7	0.2	8	0.1	9	0.1	10	-1	11	1
12	-1e30	0	0	0.095834	1	0.1	2	0.1	3	0.1	4	0.1	5	0.2	6	0.1	7	0.3	8	0.1	9	0.1	10	-1	11	1
12	-1e30	0	0	0.096617	1	0.3	2	0.2	3	0.2	4	0.2	5	0.2	6	0.1	7	0.4	8	0.2	9	0.1	10	-1	11	1
12	-1e30	0	0	0.097638	1	0.3	2	0.1	3	0.1	4	0.1	5	0.2	6	0.1	7	0.1	8	0.1	9	0.1	10	-1	11	1
12	-1e30	0	0	0.097662	1	0.4	2	0.3	3	0.1	4	0.1	5	0.2	6	0.1	7	0.4	8	0.8	9	0.1	10	-1	11	1
12	-1e30	0	0	0.098203	1	0.5	2	0.2	3	0.2	4	0.2	5	0.1	6	0.1	7	0.2	8	0.1	9	0.1	10	-1	11	1
12	-1e30	0	0	0.098208	1	0.5	2	0.1	3	0.1	4	0.3	5	0.2	6	0.1	7	0.1	8	0.1	9	0.1	10	-1	11	1
12	-1e30	0	0	0.09821	1	0.2	2	0.1	3	0.1	4	0.1	5	0.2	6	0.1	7	0.2	8	0.1	9	0.1	10	-1	11	1
12	-1e30	0	0	0.098253	1	0.5	2	0.1	3	0.1	4	0.1	5	0.2	6	0.1	7	0.2	8	0.1	9	0.1	10	-1	11	1
12	-1e30	0	0	0.098254	1	0.5	2	0.1	3	0.1	4	0.1	5	0.2	6	0.1	7	0.3	8	0.1	9	0.1	10	-1	11	1
12	-1e30	0	0	0.098254	1	0.5	2	0.1	3	0.1	4	0.1	5	0.2	6	0.1	7	0.3	8	0.1	9	0.1	10	-1	11	1
12	-1e30	0	0	0.098729	1	0.1	2	0.1	3	0.1	4	0.1	5	0.2	6	0.1	7	0.3	8	0.1	9	0.1	10	-1	11	1
12	-1e30	0	0	0.09876	1	0.3	2	0.1	3	0.1	4	0.1	5	0.2	6	0.1	7	0.2	8	0.1	9	0.1	10	-1	11	1
12	-1e30	0	0	0.098957	1	0.4	2	0.1	3	0.1	4	0.1	5	0.2	6	0.1	7	0.3	8	0.2	9	0.1	10	-1	11	1
12	-1e30	0	0	0.099083	1	0.3	2	0.1	3	0.2	4	0.1	5	0.2	6	0.1	7	0.3	8	0.1	9	0.1	10	-1	11	1
12	-1e30	0	0	0.013671	1	0.3	2	0.1	3	0.1	4	0.1	5	0.2	6	0.1	7	0.2	8	0.1	9	0.1	10	-1	11	1
12	-1e30	0	0	0.02411	1	0.1	2	0.1	3	0.1	4	0.1	5	0.2	6	0.1	7	0.2	8	0.1	9	0.1	10	-1	11	1
12	-1e30	0	0	0.028623	1	0.5	2	0.1	3	0.2	4	0.1	5	0.2	6	0.1	7	0.3	8	0.1	9	0.1	10	-1	11	1
12	-1e30	0	0	0.051326	1	0.5	2	0.1	3	0.1	4	0.1	5	0.2	6	0.1	7	0.2	8	0.1	9	0.1	10	-1	11	1
12	-1e30	0	0	0.051663	1	0.1	2	0.1	3	0.1	4	0.1	5	0.2	6	0.1	7	0.2	8	0.1	9	0.1	10	-1	11	1
12	-1e30	0	0	0.051672	1	0.1	2	0.1	3	0.1	4	0.1	5	0.2	6	0.1	7	0.2	8	0.1	9	0.1	10	-1	11	1
12	-1e30	0	0	0.061263	1	0.1	2	0.1	3	0.1	4	0.1	5	0.2	6	0.1	7	0.3	8	0.1	9	0.1	10	-1	11	1
12	-1e30	0	0	0.064778	1	0.5	2	0.1	3	0.2	4	0.1	5	0.2	6	0.1	7	0.2	8	0.1	9	0.1	10	-1	11	1
12	-1e30	0	0	0.082929	1	0.3	2	0.1	3	0.1	4	0.1	5	0.2	6	0.1	7	0.1	8	0.1	9	0.1	10	-1	11	1
12	-1e30	0	0	0.090507	1	0.5	2	0.1	3	0.1	4	0.6	5	0.3	6	0.1	7	0.1	8	0.1	9	0.1	10	-1	11	1
12	-1e30	0	0	0.09212	1	0.1	2	0.1	3	0.1	4	0.1	5	0.2	6	0.1	7	0.1	8	0.1	9	0.1	10	-1	11	1
12	-1e30	0	0	0.09378	1	0.5	2	0.1	3	0.1	4	0.1	5	0.2	6	0.1	7	0.2	8	0.2	9	0.1	10	-1	11	1
12	-1e30	0	0	0.094554	1	0.5	2	0.1	3	0.1	4	0.1	5	0.2	6	0.1	7	0.1	8	0.1	9	0.1	10	-1	11	1
12	-1e30	0	0	0.097506	1	0.5	2	0.1	3	0.2	4	0.1	5	0.2	6	0.1	7	0.1	8	0.1	9	0.1	10	-1	11	1
12	-1e30	0	0	0.09812	1	0.5	2	0.1	3	0.1	4	0.1	5	0.2	6	0.1	7	0.2	8	0.1	9	0.1	10	-1	11	1
12	-1e30	0	0	0.098504	1	0.4	2	0.1	3	0.2	4	0.1	5	0.2	6	0.1	7	0.2	8	0.1	9	0.1	10	-1	11	1
12	-1e30	0	0	0.09908	1	0.5	2	0.1	3	0.3	4	0.1	5	0.2	6	0.1	7	0.3	8	0.1	9	0.1	10	-1	11	1
12	-1e30	0	0	0.099113	1	0.3	2	0.1	3	0.1	4	0.1	5	0.2	6	0.1	7	0.2	8	0.1	9	0.1	10	-1	11	1
12	-1e30	0	0	0.099199	1	0.5	2	0.2	3	0.4	4	0.1	5	0.1	6	0.1	7	0.1	8	0.1	9	0.1	10	-1	11	1
12	-1e30	0	0	0.099358	1	0.3	2	0.1	3	0.1	4	0.1	5	0.2	6	0.1	7	0.2	8	0.1	9	0.1	10	-1	11	1
12	-1e30	0	0	0.099927	1	0.1	2	0.1	3	0.1	4	0.1	5	0.1	6	0.1	7	0.2	8	0.1	9	0.1	10	-1	11	1
12	-1e30	0	0	0.10038	1	0.4	2	0.1	3	0.1	4	0.1	5	0.2	6	0.1	7	0.2	8	0.1	9	0.1	10	-1	11	1
12	-1e30	0	0	0.026244	1	0.4	2	0.1	3	0.1	4	0.2	5	0.2	6	0.1	7	0.1	8	0.1	9	0.1	10	-1	11	1
12	-1e30	0	0	0.030581	1	0.1	2	0.1	3	0.1	4	0.1	5	0.2	6	0.1	7	0.1	8	0.1	9	0.1	10	-1	11	1
12	-1e30	0	0	0.047299	1	0.5	2	0.1	3	0.1	4	0.1	5	0.2	6	0.1	7	0.1	8	0.1	9	0.1	10	-1	11	1
12	-1e30	0	0	0.075562	1	0.2	2	0.3	3	0.1	4	0.1	5	0.2	6	0.1	7	0.2	8	0.1	9	0.1	10	-1	11	1
12	-1e30	0	0	0.076675	1	0.2	2	0.1	3	0.1	4	0.1	5	0.1	6	0.1	7	0.2	8	0.1	9	0.1	10	-1	11	1
12	-1e30	0	0	0.077376	1	0.4	2	0.1	3	0.3	4	0.1	5	0.2	6	0.1	7	0.2	8	0.1	9	0.1	10	-1	11	1
12	-1e30	0	0	0.077466	1	0.3	2	0.1	3	0.1	4	0.1	5	0.2	6	0.1	7	0.2	8	0.1	9	0.1	10	-1	11	1
12	-1e30	0	0	0.078933	1	0.4	2	0.1	3	0.1	4	0.1	5	0.2	6	0.1	7	0.2	8	0.1	9	0.1	10	-1	11	1
12	-1e30	0	0	0.079813	1	0.5	2	0.1	3	0.1	4	0.1	5	0.2	6	0.1	7	0.2	8	0.1	9	0.1	10	-1	11	1
12	-1e30	0	0	0.080555	1	0.3	2	0.1	3	0.1	4	0.1	5	0.2	6	0.1	7	0.2	8	0.1	9	0.1	10	-1	11	1
12	-1e30	0	0	0.084775	1	0.7	2	0.1	3	0.2	4	0.3	5	0.2	6	0.1	7	0.2	8	0.1	9	0.1	10	-1	11	1
12	-1e30	0	0	0.085441	1	0.1	2	0.1	3	0.1	4	0.1	5	0.2	6	0.1	7	0.1	8	0.1	9	0.1	10	-1	11	1
12	-1e30	0	0	0.087259	1	0.5	2	0.1	3	0.1	4	0.2	5	0.1	6	0.1	7	0.2	8	0.1	9	0.1	10	-1	11	1
12	-1e30	0	0	0.090177	1	0.2	2	0.1	3	0.1	4	0.1	5	0.2	6	0.1	7	0.1	8	0.1	9	0.1	10	-1	11	1
12	-1e30	0	0	0.090601	1	0.4	2	0.1	3	0.1	4	0.1	5	0.2	6	0.1	7	0.1	8	0.1	9	0.1	10	-1	11	1
12	-1e30	0	0	0.091077	1	0.6	2	0.2	3	0.3	4	0.1	5	0.2	6	0.1	7	0.1	8	0.1	9	0.1	10	-1	11	1
12	-1e30	0	0	0.091852	1	0.5	2	0.1	3	0.1	4	0.1	5	0.2	6	0.1	7	0.2	8	0.1	9	0.1	10	-1	11	1
12	-1e30	0	0	0.092073	1	0.1	2	0.1	3	0.1	4	0.1	5	0.2	6	0.1	7	0.1	8	0.1	9	0.1	10	-1	11	1
12	-1e30	0	0	0.093454	1	0.3	2	0.1	3	0.1	4	0.1	5	0.2	6	0.1	7	0.1	8	0.1	9	0.1	10	-1	11	1
12	-1e30	0	0	0.093699	1	0.3	2	0.1	3	0.4	4	0.1	5	0.2	6	0.1	7	0.1	8	0.1	9	0.1	10	-1	11	1
12	-1e30	0	0	0.094972	1	0.4	2	0.1	3	0.1	4	0.1	5	0.2	6	0.1	7	0.1	8	0.1	9	0.1	10	-1	11	1
12	-1e30	0	0	0.094972	1	0.5	2	0.1	3	0.1	4	0.3	5	0.2	6	0.1	7	0.1	8	0.1	9	0.1	10	-1	11	1
12	-1e30	0	0	0.095562	1	0.4	2	0.1	3	0.1	4	0.3	5	0.2	6	0.1	7	0.1	8	0.1	9	0.1	10	-1	11	1
12	-1e30	0	0	0.095776	1	0.3	2	0.1	3	0.1	4	0.1	5	0.2	6	0.1	7	0.2	8	0.1	9	0.1	10	-1	11	1
12	-1e30	0	0	0.095895	1	0.3	2	0.1	3	0.1	4	0.1	5	0.2	6	0.1	7	0.2	8	0.1	9	0.1	10	-1	11	1
12	-1e30	0	0	0.096208	1	0.1	2	0.1	3	0.1	4	0.1	5	0.2	6	0.1	7	0.1	8	0.1	9	0.1	10	-1	11	1
12	-1e30	0	0	0.096593	1	0.2	2	0.1	3	0.1	4	0.1	5	0.2	6	0.1	7	0.1	8	0.1	9	0.1	10	-1	11	1
12	-1e30	0	0	0.096882	1	0.3	2	0.1	3	0.1	4	0.1	5	0.2	6	0.1	7	0.2	8	0.1	9	0.1	10	-1	11	1
12	-1e30	0	0	0.097443	1	0.1	2	0.2	3	0.2	4	0.1	5	0.2	6	0.1	7	0.1	8	0.1	9	0.1	10	-1	11	1
12	-1e30	0	0	0.097449	1	0.1	2	0.1	3	0.1	4	0.3	5	0.2	6	0.1	7	0.1	8	0.1	9	0.1	10	-1	11	1
12	-1e30	0	0	0.098011	1	0.3	2	0.1	3	0.1	4	0.1	5	0.2	6	0.1	7	0.2	8	0.1	9	0.1	10	-1	11	1
12	-1e30	0	0	0.098368	1	0.1	2	0.2	3	0.1	4	0.3	5	0.2	6	0.1	7	0.2	8	0.1	9	0.1	10	-1	11	1
12	-1e30	0	0	0.098449	1	0.5	2	0.1	3	0.1	4	0.1	5	0.2	6	0.1	7	0.2	8	0.2	9	0.1	10	-1	11	1
12	-1e30	0	0	0.098457	1	0.4	2	0.1	3	0.1	4	0.1	5	0.2	6	0.1	7	0.2	8	0.1	9	0.1	10	-1	11	1
12	-1e30	0	0	0.098493	1	0.3	2	0.1	3	0.1	4	0.1	5	0.2	6	0.1	7	0.3	8	0.1	9	0.1	10	-1	11	1
12	-1e30	0	0	0.098622	1	0.3	2	0.1	3	0.1	4	0.1	5	0.2	6	0.1	7	0.2	8	0.1	9	0.1	10	-1	11	1
12	-1e30	0	0	0.09888	1	0.5	2	0.1	3	0.1	4	0.1	5	0.2	6	0.1	7	0.2	8	0.1	9	0.1	10	-1	11	1
12	-1e30	0	0	0.099141	1	0.5	2	0.4	3	0.5	4	0.1	5	0.8	6	0.1	7	0.3	8	0.6	9	0.1	10	-1	11	1
12	-1e30	0	0	0.0992	1	0.1	2	0.1	3	0.1	4	0.1	5	0.2	6	0.1	7	0.1	8	0.1	9	0.1	10	-1	11	1
12	-1e30	0	0	0.09958	1	0.1	2	0.1	3	0.1	4	0.1	5	0.2	6	0.1	7	0.2	8	0.1	9	0.1	10	-1	11	1
12	-1e30	0	0	0.09958	1	0.4	2	0.1	3	0.1	4	0.1	5	0.2	6	0.1	7	0.3	8	0.1	9	0.1	10	-1	11	1
12	-1e30	0	0	1	1	0.1	2	0.1	3	0.3	4	0.1	5	0.2	6	0.1	7	0.2	8	0.1	9	0.1	10	-1	11	1
12	-1e30	0	0	0.1	1	0.1	2	0.1	3	0.3	4	0.1	5	0.2	6	0.1	7	0.2	8	0.1	9	0.1	10	-1	11	1
12	-1e30	0	0	0.10001	1	0.3	2	0.1	3	0.1	4	0.3	5	0.2	6	0.1	7	0.2	8	0.1	9	0.1	10	-1	11	1
12	-1e30	0	0	0.10017	1	0.1	2	0.1	3	0.1	4	0.1	5	0.2	6	0.1	7	0.1	8	0.1	9	0.1	10	-1	11	1
12	-1e30	0	0	0.10019	1	0.5	2	0.2	3	0.2	4	0.2	5	0.2	6	0.1	7	0.1	8	0.1	9	0.2	10	-1	11	1
12	-1e30	0	0	0.10025	1	0.3	2	0.1	3	0.1	4	0.1	5	0.2	6	0.1	7	0.3	8	0.1	9	0.1	10	-1	11	1
12	-1e30	0	0	0.10057	1	0.3	2	0.2	3	0.1	4	0.2	5	0.2	6	0.1	7	0.3	8	0.1	9	0.1	10	-1	11	1
12	-1e30	0	0	0.1007	1	0.2	2	0.1	3	0.1	4	0.1	5	0.2	6	0.1	7	0.3	8	0.1	9	0.1	10	-1	11	1
12	-1e30	0	0	0.1007	1	0.5	2	0.3	3	0.2	4	0.1	5	0.3	6	0.1	7	0.1	8	0.1	9	0.1	10	-1	11	1
12	-1e30	0	0	0.10073	1	0.1	2	0.1	3	0.1	4	0.1	5	0.2	6	0.1	7	0.2	8	0.1	9	0.1	10	-1	11	1
12	-1e30	0	0	0.10146	1	0.4	2	0.1	3	0.4	4	0.1	5	0.2	6	0.1	7	0.1	8	0.1	9	0.1	10	-1	11	1
12	-1e30	0	0	0.10148	1	0.1	2	0.1	3	0.2	4	0.1	5	0.2	6	0.1	7	0.2	8	0.1	9	0.1	10	-1	11	1
12	-1e30	0	0	0.1017	1	0.5	2	0.1	3	0.1	4	0.1	5	0.2	6	0.1	7	0.1	8	0.1	9	0.1	10	-1	11	1
12	-1e30	0	0	0.1017	1	0.1	2	0.1	3	0.1	4	0.1	5	0.2	6	0.1	7	0.1	8	0.1	9	0.1	10	-1	11	1
12	-1e30	0	0	0.10174	1	0.2	2	0.1	3	0.1	4	0.1	5	0.2	6	0.1	7	0.1	8	0.1	9	0.1	10	-1	11	1
12	-1e30	0	0	0.10197	1	0.5	2	0.1	3	0.1	4	0.1	5	0.2	6	0.1	7	0.3	8	0.2	9	0.1	10	-1	11	1
12	-1e30	0	0	0.034703	1	0.1	2	0.1	3	0.1	4	0.1	5	0.2	6	0.1	7	0.1	8	0.1	9	0.1	10	-1	11	1
12	-1e30	0	0	0.034703	1	0.1	2	0.1	3	0.1	4	0.1	5	0.2	6	0.1	7	0.1	8	0.1	9	0.1	10	-1	11	1
12	-1e30	0	0	0.039731	1	0.1	2	0.1	3	0.1	4	0.1	5	0.2	6	0.1	7	0.1	8	0.1	9	0.1	10	-1	11	1
12	-1e30	0	0	0.039891	1	0.1	2	0.1	3	0.1	4	0.1	5	0.2	6	0.1	7	0.1	8	0.1	9	0.1	10	-1	11	1
12	-1e30	0	0	0.042094	1	0.3	2	0.1	3	0.1	4	0.1	5	0.2	6	0.1	7	0.2	8	0.3	9	0.1	10	-1	11	1
12	-1e30	0	0	0.044829	1	0.4	2	0.1	3	0.1	4	0.1	5	0.2	6	0.1	7	0.1	8	0.1	9	0.1	10	-1	11	1
12	-1e30	0	0	0.048649	1	0.1	2	0.1	3	0.1	4	0.1	5	0.2	6	0.1	7	0.1	8	0.1	9	0.8	10	-1	11	1
12	-1e30	0	0	0.048649	1	0.1	2	0.1	3	0.1	4	0.3	5	0.2	6	0.1	7	0.1	8	0.1	9	0.1	10	-1	11	1
12	-1e30	0	0	0.053071	1	0.3	2	0.1	3	0.1	4	0.1	5	0.2	6	0.1	7	0.1	8	0.1	9	0.1	10	-1	11	1
12	-1e30	0	0	0.056728	1	0.3	2	0.1	3	0.1	4	0.1	5	0.2	6	0.1	7	0.2	8	0.1	9	0.2	10	-1	11	1
12	-1e30	0	0	0.062565	1	0.2	2	0.1	3	0.1	4	0.1	5	0.2	6	0.1	7	0.1	8	0.1	9	0.1	10	-1	11	1
12	-1e30	0	0	0.075472	1	0.3	2	0.1	3	0.1	4	0.1	5	0.2	6	0.2	7	0.3	8	0.1	9	0.1	10	-1	11	1
12	-1e30	0	0	0.082895	1	0.1	2	0.1	3	0.1	4	0.1	5	0.2	6	0.2	7	0.2	8	0.1	9	0.1	10	-1	11	1
12	-1e30	0	0	0.084084	1	0.1	2	0.1	3	0.2	4	0.1	5	0.2	6	0.2	7	0.4	8	0.2	9	0.1	10	-1	11	1
12	-1e30	0	0	0.085254	1	0.3	2	0.1	3	0.1	4	0.1	5	0.2	6	0.2	7	0.7	8	0.1	9	0.1	10	-1	11	1
12	-1e30	0	0	0.087094	1	0.1	2	0.3	3	0.1	4	0.2	5	0.2	6	0.2	7	0.5	8	0.3	9	0.2	10	-1	11	1
12	-1e30	0	0	0.087209	1	0.8	2	0.3	3	0.3	4	0.1	5	0.2	6	0.2	7	0.3	8	0.2	9	0.1	10	-1	11	1
12	-1e30	0	0	0.087234	1	0.3	2	0.2	3	0.1	4	0.1	5	0.2	6	0.2	7	0.3	8	0.1	9	0.1	10	-1	11	1
12	-1e30	0	0	0.087262	1	0.4	2	0.2	3	0.1	4	0.1	5	0.2	6	0.2	7	0.3	8	0.1	9	0.1	10	-1	11	1
12	-1e30	0	0	0.087805	1	0.5	2	0.1	3	0.1	4	0.1	5	0.2	6	0.2	7	0.3	8	0.3	9	0.1	10	-1	11	1
12	-1e30	0	0	0.088121	1	0.1	2	0.1	3	0.1	4	0.1	5	0.3	6	0.2	7	0.2	8	0.1	9	0.1	10	-1	11	1
12	-1e30	0	0	0.08904	1	0.4	2	0.1	3	0.1	4	0.1	5	0.2	6	0.2	7	0.3	8	0.2	9	0.1	10	-1	11	1
12	-1e30	0	0	0.094429	1	0.5	2	0.1	3	0.3	4	0.3	5	0.2	6	0.2	7	0.2	8	0.3	9	0.1	10	-1	11	1
12	-1e30	0	0	0.095714	1	0.5	2	0.1	3	0.1	4	0.2	5	0.2	6	0.2	7	0.3	8	0.1	9	0.1	10	-1	11	1
12	-1e30	0	0	0.083	1	0.5	2	0.1	3	0.1	4	0.1	5	0.3	6	0.2	7	0.2	8	0.2	9	0.1	10	-1	11	1
12	-1e30	0	0	0.091928	1	0.2	2	0.3	3	0.2	4	0.2	5	0.2	6	0.2	7	0.3	8	0.1	9	0.1	10	-1	11	1
12	-1e30	0	0	0.092189	1	0.5	2	0.2	3	0.2	4	0.2	5	0.2	6	0.2	7	0.3	8	0.2	9	0.2	10	-1	11	1
12	-1e30	0	0	0.054563	1	0.1	2	0.1	3	0.1	4	0.1	5	0.2	6	0.2	7	0.1	8	0.1	9	0.1	10	-1	11	1
12	-1e30	0	0	0.08608	1	0.5	2	0.1	3	0.1	4	0.1	5	0.2	6	0.2	7	0.2	8	0.1	9	0.1	10	-1	11	1
12	-1e30	0	0	0.081487	1	0.6	2	0.3	3	0.3	4	0.3	5	0.3	6	0.2	7	0.6	8	0.1	9	0.1	10	-1	11	1
12	-1e30	0	0	0.094825	1	0.4	2	0.2	3	0.4	4	0.3	5	0.2	6	0.2	7	0.2	8	0.1	9	0.1	10	-1	11	1
12	-1e30	0	0	0.05773	1	0.3	2	0.1	3	0.1	4	0.1	5	0.3	6	0.2	7	0.1	8	0.1	9	0.1	10	-1	11	1
12	-1e30	0	0	0.077596	1	0.1	2	0.1	3	0.1	4	0.1	5	0.2	6	0.3	7	0.3	8	0.1	9	0.1	10	-1	11	1
12	-1e30	0	0	0.084221	1	0.3	2	0.1	3	0.1	4	0.1	5	0.2	6	0.3	7	0.3	8	0.1	9	0.1	10	-1	11	1
12	-1e30	0	0	0.087201	1	0.3	2	0.3	3	0.2	4	0.1	5	0.2	6	0.3	7	0.3	8	0.1	9	0.1	10	-1	11	1
12	-1e30	0	0	0.087222	1	0.1	2	0.1	3	0.1	4	0.1	5	0.4	6	0.3	7	0.1	8	0.1	9	0.1	10	-1	11	1
12	-1e30	0	0	0.088477	1	0.4	2	0.1	3	0.1	4	0.1	5	0.2	6	0.3	7	0.1	8	0.1	9	0.1	10	-1	11	1
12	-1e30	0	0	0.089	1	0.1	2	0.1	3	0.1	4	0.2	5	0.1	6	0.3	7	0.1	8	0.1	9	0.7	10	-1	11	1
12	-1e30	0	0	0.062941	1	0.3	2	0.4	3	0.5	4	0.3	5	0.7	6	0.3	7	0.4	8	0.6	9	0.1	10	-1	11	1
12	-1e30	0	0	0.066014	1	0.3	2	0.2	3	0.2	4	0.1	5	0.4	6	0.3	7	0.2	8	0.1	9	0.1	10	-1	11	1
12	-1e30	0	0	0.06604	1	0.4	2	0.4	3	0.4	4	0.2	5	0.2	6	0.3	7	0.2	8	0.1	9	0.1	10	-1	11	1
12	-1e30	0	0	0.092106	1	0.3	2	0.3	3	0.2	4	0.6	5	0.3	6	0.3	7	0.3	8	0.5	9	0.1	10	-1	11	1
12	-1e30	0	0	0.093307	1	0.3	2	0.2	3	0.2	4	0.3	5	0.2	6	0.3	7	0.3	8	0.1	9	0.1	10	-1	11	1
12	-1e30	0	0	0.054563	1	0.1	2	0.1	3	0.1	4	0.3	5	0.2	6	0.3	7	0.1	8	0.1	9	0.1	10	-1	11	1
12	-1e30	0	0	0.074476	1	0.1	2	0.1	3	0.1	4	0.3	5	0.1	6	0.3	7	0.1	8	0.1	9	0.1	10	-1	11	1
12	-1e30	0	0	0.099155	1	0.4	2	0.1	3	0.1	4	0.1	5	0.2	6	0.3	7	0.2	8	0.1	9	0.1	10	-1	11	1
12	-1e30	0	0	0.075535	1	0.6	2	0.8	3	0.8	4	0.1	5	0.3	6	0.4	7	0.3	8	0.7	9	0.1	10	-1	11	1
12	-1e30	0	0	0.090923	1	0.3	2	0.1	3	0.1	4	0.1	5	0.2	6	0.4	7	0.1	8	0.1	9	0.1	10	-1	11	1
12	-1e30	0	0	0.050386	1	0.5	2	0.2	3	0.2	4	0.4	5	0.2	6	0.4	7	0.1	8	0.1	9	0.1	10	-1	11	1
12	-1e30	0	0	0.096289	1	0.1	2	0.1	3	0.1	4	0.1	5	0.2	6	0.4	7	0.1	8	0.1	9	0.1	10	-1	11	1
12	-1e30	0	0	0.087971	1	0.3	2	0.1	3	0.3	4	0.1	5	0.3	6	0.4	7	0.1	8	0.1	9	0.1	10	-1	11	1
12	-1e30	0	0	0.09808	1	0.3	2	0.1	3	0.1	4	0.2	5	0.3	6	0.4	7	0.1	8	0.1	9	0.1	10	-1	11	1
12	-1e30	0	0	0.087209	1	0.1	2	0.1	3	0.1	4	0.1	5	0.2	6	0.5	7	0.1	8	0.1	9	0.1	10	-1	11	1
12	-1e30	0	0	0.088015	1	0.1	2	0.1	3	0.1	4	0.1	5	0.2	6	0.5	7	0.1	8	0.1	9	0.1	10	-1	11	1
12	-1e30	0	0	0.009518	1	0.1	2	0.1	3	0.1	4	0.1	5	0.2	6	0.5	7	0.5	8	0.1	9	0.1	10	-1	11	1
12	-1e30	0	0	0.045802	1	0.5	2	0.3	3	0.4	4	0.3	5	0.4	6	0.5	7	0.4	8	0.7	9	0.1	10	-1	11	1
12	-1e30	0	0	0.050068	1	0.3	2	0.1	3	0.1	4	0.1	5	0.2	6	0.5	7	0.5	8	0.1	9	0.1	10	-1	11	1
12	-1e30	0	0	0.053624	1	0.4	2	0.4	3	0.4	4	0.4	5	0.6	6	0.5	7	0.7	8	0.3	9	0.1	10	-1	11	1
12	-1e30	0	0	0.094304	1	0.3	2	0.1	3	0.1	4	0.1	5	0.2	6	0.5	7	0.1	8	0.1	9	0.1	10	-1	11	1
12	-1e30	0	0	0.085918	1	0.5	2	0.1	3	0.2	4	1	5	0.4	6	0.5	7	0.2	8	0.1	9	0.1	10	-1	11	1
12	-1e30	0	0	0.097094	1	0.4	2	0.4	3	0.2	4	0.1	5	0.2	6	0.5	7	0.2	8	0.1	9	0.2	10	-1	11	1
12	-1e30	0	0	0.088488	1	0.2	2	0.1	3	0.1	4	0.1	5	0.2	6	0.5	7	0.1	8	0.1	9	0.1	10	-1	11	1
12	-1e30	0	0	0.090185	1	0.8	2	0.4	3	0.4	4	0.5	5	0.4	6	0.7	7	0.7	8	0.8	9	0.2	10	-1	11	1
12	-1e30	0	0	0.018059	1	0.5	2	0.7	3	0.7	4	0.1	5	0.5	6	0.8	7	0.3	8	0.4	9	0.1	10	-1	11	1
12	-1e30	0	0	0.096135	1	0.6	2	0.9	3	0.7	4	0.5	5	0.5	6	0.8	7	0.4	8	0.2	9	0.1	10	-1	11	1
12	-1e30	0	0	0.074544	1	0.5	2	0.4	3	0.4	4	0.5	5	0.7	6	1	7	0.3	8	0.2	9	0.1	10	-1	11	1
12	-1e30	0	0	0.075671	1	0.1	2	0.1	3	0.1	4	0.1	5	0.2	6	1	7	0.3	8	0.1	9	0.1	10	-1	11	1
12	-1e30	0	0	0.075591	1	0.6	2	0.3	3	0.3	4	0.5	5	0.3	6	1	7	0.3	8	0.5	9	0.3	10	-1	11	1
12	-1e30	0	0	-0.077866	1	-0.7	2	-0.4	3	-0.6	4	-0.4	5	-0.6	6	-0.1	7	-0.4	8	-0.3	9	-0.1	10	1	11	1
12	-1e30	0	0	-0.080285	1	-1	2	-1	3	-1	4	-0.8	5	-0.6	6	-0.1	7	-0.8	8	-0.9	9	-0.1	10	1	11	1
12	-1e30	0	0	-0.081949	1	-0.5	2	-0.6	3	-0.5	4	-0.6	5	-1	6	-0.1	7	-0.3	8	-0.1	9	-0.1	10	1	11	1
12	-1e30	0	0	-0.082026	1	-1	2	-1	3	-1	4	-0.4	5	-0.8	6	-0.1	7	-0.8	8	-1	9	-0.1	10	1	11	1
12	-1e30	0	0	-0.082727	1	-0.8	2	-0.2	3	-0.4	4	-0.1	5	-0.5	6	-0.1	7	-0.5	8	-0.4	9	-0.4	10	1	11	1
12	-1e30	0	0	-0.086867	1	-1	2	-1	3	-1	4	-1	5	-1	6	-0.1	7	-0.8	8	-0.8	9	-0.8	10	1	11	1
12	-1e30	0	0	-0.089051	1	-1	2	-0.8	3	-1	4	-1	5	-0.6	6	-0.1	7	-0.3	8	-0.1	9	-1	10	1	11	1
12	-1e30	0	0	-0.089334	1	-0.5	2	-1	3	-1	4	-0.3	5	-0.8	6	-0.1	7	-0.5	8	-1	9	-0.3	10	1	11	1
12	-1e30	0	0	-0.051406	1	-0.8	2	-0.6	3	-0.4	4	-1	5	-1	6	-0.1	7	-0.3	8	-0.5	9	-0.1	10	1	11	1
12	-1e30	0	0	-0.061856	1	-0.3	2	-0.4	3	-0.4	4	-1	5	-0.5	6	-0.1	7	-0.3	8	-0.3	9	-0.1	10	1	11	1
12	-1e30	0	0	-0.096265	1	-1	2	-1	3	-1	4	-0.1	5	-0.6	6	-0.1	7	-0.2	8	-0.8	9	-0.1	10	1	11	1
12	-1e30	0	0	-0.096196	1	-0.4	2	-1	3	-0.8	4	-0.5	5	-0.4	6	-0.1	7	-1	8	-0.1	9	-0.1	10	1	11	1
12	-1e30	0	0	-0.10054	1	-0.5	2	-0.4	3	-0.6	4	-0.8	5	-0.4	6	-0.1	7	-0.8	8	-1	9	-0.1	10	1	11	1
12	-1e30	0	0	-0.094315	1	-1	2	-1	3	-0.7	4	-0.8	5	-0.7	6	-0.1	7	-1	8	-1	9	-0.3	10	1	11	1
12	-1e30	0	0	-0.10036	1	-0.5	2	-0.7	3	-0.4	4	-0.1	5	-0.6	6	-0.1	7	-0.7	8	-1	9	-0.3	10	1	11	1
12	-1e30	0	0	-0.082792	1	-0.9	2	-0.5	3	-0.5	4	-0.2	5	-0.2	6	-0.2	7	-0.5	8	-0.1	9	-0.1	10	1	11	1
12	-1e30	0	0	-0.082957	1	-0.6	2	-0.3	3	-0.4	4	-0.1	5	-0.5	6	-0.2	7	-0.3	8	-0.9	9	-0.1	10	1	11	1
12	-1e30	0	0	-0.083021	1	-1	2	-0.4	3	-0.2	4	-0.1	5	-0.3	6	-0.2	7	-0.4	8	-0.3	9	-1	10	1	11	1
12	-1e30	0	0	-0.083472	1	-0.6	2	-1	3	-0.2	4	-0.8	5	-1	6	-0.2	7	-0.7	8	-0.8	9	-1	10	1	11	1
12	-1e30	0	0	-0.092288	1	-0.9	2	-0.8	3	-0.8	4	-0.5	5	-0.6	6	-0.2	7	-0.4	8	-1	9	-0.4	10	1	11	1
12	-1e30	0	0	-0.094107	1	-0.8	2	-0.7	3	-0.8	4	-0.2	5	-0.4	6	-0.2	7	-0.5	8	-1	9	-0.1	10	1	11	1
12	-1e30	0	0	-0.028115	1	-1	2	-0.9	3	-0.7	4	-0.3	5	-0.4	6	-0.2	7	-0.7	8	-0.7	9	-0.1	10	1	11	1
12	-1e30	0	0	-0.059723	1	-0.5	2	-1	3	-1	4	-1	5	-0.5	6	-0.2	7	-0.8	8	-0.5	9	-0.1	10	1	11	1
12	-1e30	0	0	-0.097798	1	-0.5	2	-1	3	-1	4	-1	5	-1	6	-0.2	7	-1	8	-1	9	-1	10	1	11	1
12	-1e30	0	0	-0.077432	1	-0.5	2	-0.3	3	-0.3	4	-0.3	5	-0.2	6	-0.3	7	-0.4	8	-0.4	9	-0.1	10	1	11	1
12	-1e30	0	0	-0.081722	1	-1	2	-0.4	3	-0.3	4	-0.1	5	-0.3	6	-0.3	7	-0.6	8	-0.5	9	-0.2	10	1	11	1
12	-1e30	0	0	-0.08238	1	-0.9	2	-0.5	3	-0.8	4	-0.1	5	-0.2	6	-0.3	7	-0.2	8	-0.1	9	-0.5	10	1	11	1
12	-1e30	0	0	-0.082894	1	-0.5	2	-0.3	3	-0.5	4	-0.5	5	-0.3	6	-0.3	7	-0.4	8	-1	9	-0.1	10	1	11	1
12	-1e30	0	0	-0.086839	1	-0.8	2	-0.2	3	-0.3	4	-0.1	5	-0.6	6	-0.3	7	-0.7	8	-0.1	9	-0.1	10	1	11	1
12	-1e30	0	0	-0.08689	1	-0.7	2	-0.3	3	-0.4	4	-0.4	5	-0.3	6	-0.3	7	-0.3	8	-0.2	9	-0.7	10	1	11	1
12	-1e30	0	0	-0.02337	1	-0.7	2	-0.9	3	-0.4	4	-1	5	-1	6	-0.3	7	-0.5	8	-0.3	9	-0.3	10	1	11	1
12	-1e30	0	0	-0.04959	1	-0.7	2	-0.8	3	-0.7	4	-0.6	5	-0.4	6	-0.3	7	-0.8	8	-0.8	9	-0.4	10	1	11	1
12	-1e30	0	0	-0.063858	1	-0.5	2	-0.3	3	-0.3	4	-0.1	5	-0.3	6	-0.3	7	-0.3	8	-0.3	9	-0.3	10	1	11	1
12	-1e30	0	0	-0.093576	1	-0.8	2	-0.8	3	-0.9	4	-0.6	5	-0.6	6	-0.3	7	-1	8	-1	9	-0.1	10	1	11	1
12	-1e30	0	0	-0.08	1	-0.3	2	-0.6	3	-0.4	4	-1	5	-0.3	6	-0.3	7	-0.3	8	-0.4	9	-0.1	10	1	11	1
12	-1e30	0	0	-0.094265	1	-0.9	2	-0.8	3	-0.8	4	-0.9	5	-0.6	6	-0.3	7	-0.4	8	-0.1	9	-0.1	10	1	11	1
12	-1e30	0	0	-0.093201	1	-0.8	2	-0.7	3	-0.4	4	-0.4	5	-0.5	6	-0.3	7	-0.5	8	-1	9	-0.1	10	1	11	1
12	-1e30	0	0	-0.066062	1	-0.5	2	-1	3	-1	4	-0.3	5	-0.7	6	-0.3	7	-0.8	8	-1	9	-0.2	10	1	11	1
12	-1e30	0	0	-0.082386	1	-0.5	2	-0.3	3	-0.3	4	-0.4	5	-0.2	6	-0.4	7	-0.3	8	-0.4	9	-0.1	10	1	11	1
12	-1e30	0	0	-0.083721	1	-1	2	-0.6	3	-0.4	4	-0.1	5	-0.3	6	-0.4	7	-0.3	8	-0.2	9	-0.3	10	1	11	1
12	-1e30	0	0	-0.085307	1	-0.5	2	-1	3	-0.6	4	-0.1	5	-1	6	-0.4	7	-0.4	8	-1	9	-1	10	1	11	1
12	-1e30	0	0	-0.090959	1	-0.6	2	-1	3	-0.7	4	-0.7	5	-0.6	6	-0.4	7	-0.8	8	-1	9	-0.2	10	1	11	1
12	-1e30	0	0	-0.024113	1	-1	2	-0.8	3	-0.8	4	-0.2	5	-0.3	6	-0.4	7	-0.8	8	-0.7	9	-0.8	10	1	11	1
12	-1e30	0	0	-0.031878	1	-0.7	2	-0.2	3	-0.4	4	-0.1	5	-0.3	6	-0.4	7	-0.3	8	-0.3	9	-0.1	10	1	11	1
12	-1e30	0	0	-0.047259	1	-0.8	2	-0.4	3	-1	4	-0.5	5	-0.4	6	-0.4	7	-0.7	8	-1	9	-0.1	10	1	11	1
12	-1e30	0	0	-0.056487	1	-0.8	2	-1	3	-0.3	4	-0.2	5	-0.6	6	-0.4	7	-0.3	8	-1	9	-0.1	10	1	11	1
12	-1e30	0	0	-0.06439	1	-0.8	2	-1	3	-0.5	4	-0.3	5	-0.8	6	-0.4	7	-0.4	8	-1	9	-0.3	10	1	11	1
12	-1e30	0	0	-0.092062	1	-1	2	-1	3	-1	4	-0.6	5	-0.8	6	-0.4	7	-0.8	8	-0.5	9	-0.1	10	1	11	1
12	-1e30	0	0	-0.096368	1	-1	2	-0.9	3	-0.8	4	-0.7	5	-0.6	6	-0.4	7	-0.7	8	-1	9	-0.3	10	1	11	1
12	-1e30	0	0	-0.080579	1	-0.6	2	-0.3	3	-0.2	4	-0.1	5	-0.3	6	-0.4	7	-0.4	8	-0.1	9	-0.1	10	1	11	1
12	-1e30	0	0	-0.066705	1	-0.4	2	-0.8	3	-0.6	4	-0.4	5	-0.3	6	-0.4	7	-1	8	-0.6	9	-0.1	10	1	11	1
12	-1e30	0	0	-0.07969	1	-1	2	-0.7	3	-0.7	4	-0.3	5	-0.8	6	-0.5	7	-0.7	8	-0.4	9	-0.3	10	1	11	1
12	-1e30	0	0	-0.082509	1	-1	2	-0.3	3	-0.6	4	-0.2	5	-0.3	6	-0.5	7	-0.4	8	-1	9	-0.2	10	1	11	1
12	-1e30	0	0	-0.082594	1	-1	2	-0.6	3	-0.6	4	-0.3	5	-0.4	6	-0.5	7	-0.3	8	-0.6	9	-0.1	10	1	11	1
12	-1e30	0	0	-0.086712	1	-1	2	-0.3	3	-0.5	4	-0.1	5	-1	6	-0.5	7	-0.3	8	-1	9	-0.2	10	1	11	1
12	-1e30	0	0	-0.08677	1	-0.2	2	-0.3	3	-0.4	4	-0.4	5	-0.2	6	-0.5	7	-0.2	8	-0.5	9	-0.1	10	1	11	1
12	-1e30	0	0	-0.088	1	-0.9	2	-0.5	3	-0.5	4	-0.4	5	-0.4	6	-0.5	7	-0.4	8	-0.3	9	-0.3	10	1	11	1
12	-1e30	0	0	-0.088394	1	-1	2	-1	3	-0.8	4	-0.6	5	-0.4	6	-0.5	7	-0.8	8	-1	9	-0.1	10	1	11	1
12	-1e30	0	0	-0.090583	1	-1	2	-1	3	-0.9	4	-0.3	5	-0.7	6	-0.5	7	-0.3	8	-0.5	9	-0.1	10	1	11	1
12	-1e30	0	0	-0.090895	1	-0.8	2	-0.7	3	-0.8	4	-0.7	5	-0.5	6	-0.5	7	-0.5	8	-1	9	-0.2	10	1	11	1
12	-1e30	0	0	-0.091124	1	-0.4	2	-0.1	3	-0.1	4	-0.3	5	-0.1	6	-0.5	7	-0.2	8	-0.1	9	-0.1	10	1	11	1
12	-1e30	0	0	-0.091283	1	-0.8	2	-0.9	3	-0.9	4	-0.5	5	-0.3	6	-0.5	7	-0.7	8	-0.7	9	-0.1	10	1	11	1
12	-1e30	0	0	-0.0404	1	-0.6	2	-0.1	3	-0.3	4	-0.1	5	-0.4	6	-0.5	7	-0.5	8	-1	9	-0.1	10	1	11	1
12	-1e30	0	0	-0.097973	1	-0.9	2	-1	3	-1	4	-1	5	-1	6	-0.5	7	-1	8	-1	9	-1	10	1	11	1
12	-1e30	0	0	-0.095653	1	-0.8	2	-1	3	-1	4	-1	5	-0.7	6	-0.5	7	-0.4	8	-0.8	9	-0.7	10	1	11	1
12	-1e30	0	0	-0.030644	1	-1	2	-0.4	3	-0.5	4	-0.4	5	-0.3	6	-0.5	7	-0.7	8	-0.3	9	-0.1	10	1	11	1
12	-1e30	0	0	-0.09224	1	-0.7	2	-0.8	3	-0.3	4	-0.7	5	-0.4	6	-0.5	7	-0.7	8	-0.8	9	-0.2	10	1	11	1
12	-1e30	0	0	-0.099847	1	-1	2	-1	3	-0.8	4	-1	5	-0.6	6	-0.5	7	-1	8	-0.3	9	-0.1	10	1	11	1
12	-1e30	0	0	-0.10037	1	-0.5	2	-1	3	-1	4	-0.8	5	-0.5	6	-0.5	7	-0.7	8	-1	9	-0.1	10	1	11	1
12	-1e30	0	0	-0.051663	1	-0.5	2	-1	3	-1	4	-0.5	5	-0.4	6	-0.5	7	-0.4	8	-0.4	9	-0.1	10	1	11	1
12	-1e30	0	0	-0.066705	1	-0.4	2	-0.8	3	-0.8	4	-0.5	5	-0.4	6	-0.5	7	-1	8	-0.4	9	-0.1	10	1	11	1
12	-1e30	0	0	-0.082665	1	-0.8	2	-1	3	-1	4	-0.1	5	-0.3	6	-0.6	7	-0.3	8	-0.9	9	-0.1	10	1	11	1
12	-1e30	0	0	-0.086658	1	-0.9	2	-0.6	3	-0.9	4	-0.2	5	-1	6	-0.6	7	-0.2	8	-0.9	9	-1	10	1	11	1
12	-1e30	0	0	-0.092651	1	-1	2	-0.2	3	-0.2	4	-0.1	5	-0.2	6	-0.6	7	-0.1	8	-0.1	9	-0.2	10	1	11	1
12	-1e30	0	0	-0.088476	1	-0.4	2	-0.6	3	-0.6	4	-0.5	5	-0.7	6	-0.6	7	-0.7	8	-0.7	9	-0.3	10	1	11	1
12	-1e30	0	0	-0.078383	1	-1	2	-0.5	3	-0.5	4	-0.3	5	-0.6	6	-0.7	7	-0.7	8	-1	9	-0.1	10	1	11	1
12	-1e30	0	0	-0.079211	1	-0.5	2	-0.2	3	-0.3	4	-0.4	5	-0.2	6	-0.7	7	-0.3	8	-0.6	9	-0.1	10	1	11	1
12	-1e30	0	0	-0.081108	1	-0.2	2	-0.5	3	-0.3	4	-0.3	5	-0.6	6	-0.7	7	-0.7	8	-0.5	9	-0.1	10	1	11	1
12	-1e30	0	0	-0.087402	1	-0.5	2	-0.4	3	-0.6	4	-0.7	5	-0.9	6	-0.7	7	-0.8	8	-1	9	-0.1	10	1	11	1
12	-1e30	0	0	-0.091471	1	-0.7	2	-0.4	3	-0.7	4	-0.4	5	-0.3	6	-0.7	7	-0.7	8	-0.6	9	-0.1	10	1	11	1
12	-1e30	0	0	-0.035446	1	-1	2	-0.5	3	-0.7	4	-0.3	5	-0.3	6	-0.7	7	-0.3	8	-0.3	9	-0.8	10	1	11	1
12	-1e30	0	0	-0.064927	1	-1	2	-0.3	3	-0.5	4	-0.4	5	-0.3	6	-0.7	7	-0.3	8	-0.5	9	-0.3	10	1	11	1
12	-1e30	0	0	-0.082266	1	-0.7	2	-0.8	3	-0.7	4	-0.2	5	-0.4	6	-0.8	7	-0.3	8	-0.8	9	-0.2	10	1	11	1
12	-1e30	0	0	-0.082539	1	-0.5	2	-0.5	3	-0.5	4	-0.8	5	-1	6	-0.8	7	-0.7	8	-0.3	9	-0.7	10	1	11	1
12	-1e30	0	0	-0.08254	1	-1	2	-0.5	3	-0.5	4	-0.6	5	-0.8	6	-0.8	7	-0.7	8	-0.1	9	-0.1	10	1	11	1
12	-1e30	0	0	-0.082956	1	-0.9	2	-1	3	-1	4	-0.1	5	-1	6	-0.8	7	-0.3	8	-0.3	9	-0.1	10	1	11	1
12	-1e30	0	0	-0.085346	1	-0.3	2	-0.3	3	-0.6	4	-0.4	5	-0.5	6	-0.8	7	-0.4	8	-0.4	9	-0.1	10	1	11	1
12	-1e30	0	0	-0.0872	1	-1	2	-1	3	-1	4	-0.3	5	-1	6	-0.8	7	-0.8	8	-0.1	9	-0.1	10	1	11	1
12	-1e30	0	0	-0.088121	1	-0.3	2	-0.4	3	-0.5	4	-0.2	5	-0.6	6	-0.8	7	-0.4	8	-0.1	9	-0.1	10	1	11	1
12	-1e30	0	0	-0.089688	1	-0.1	2	-0.5	3	-0.8	4	-0.6	5	-0.5	6	-0.8	7	-0.7	8	-1	9	-0.1	10	1	11	1
12	-1e30	0	0	-0.089784	1	-0.5	2	-0.8	3	-0.4	4	-1	5	-0.5	6	-0.8	7	-0.9	8	-1	9	-0.1	10	1	11	1
12	-1e30	0	0	-0.090005	1	-1	2	-1	3	-1	4	-0.8	5	-0.6	6	-0.8	7	-0.7	8	-1	9	-0.1	10	1	11	1
12	-1e30	0	0	-0.090666	1	-0.8	2	-1	3	-0.8	4	-0.8	5	-0.4	6	-0.8	7	-0.7	8	-0.7	9	-0.1	10	1	11	1
12	-1e30	0	0	-0.091168	1	-0.7	2	-0.5	3	-0.6	4	-0.3	5	-0.3	6	-0.8	7	-0.7	8	-0.4	9	-0.1	10	1	11	1
12	-1e30	0	0	-0.091523	1	-0.6	2	-0.8	3	-0.7	4	-0.5	5	-0.6	6	-0.8	7	-0.8	8	-0.9	9	-0.2	10	1	11	1
12	-1e30	0	0	-0.082956	1	-0.9	2	-1	3	-1	4	-0.1	5	-1	6	-0.8	7	-0.3	8	-0.3	9	-0.1	10	1	11	1
12	-1e30	0	0	-0.052718	1	-0.6	2	-0.8	3	-0.7	4	-0.8	5	-0.6	6	-0.8	7	-0.8	8	-0.9	9	-0.1	10	1	11	1
12	-1e30	0	0	-0.005678	1	-1	2	-0.4	3	-0.7	4	-0.2	5	-0.2	6	-0.8	7	-0.6	8	-0.1	9	-0.1	10	1	11	1
12	-1e30	0	0	-0.061881	1	-0.4	2	-0.2	3	-0.3	4	-0.5	5	-0.3	6	-0.8	7	-0.7	8	-0.6	9	-0.1	10	1	11	1
12	-1e30	0	0	-0.026195	1	-1	2	-0.5	3	-1	4	-0.3	5	-0.5	6	-0.8	7	-0.7	8	-0.8	9	-0.3	10	1	11	1
12	-1e30	0	0	-0.10055	1	-0.3	2	-1	3	-0.7	4	-0.8	5	-0.5	6	-0.8	7	-0.7	8	-0.4	9	-0.1	10	1	11	1
12	-1e30	0	0	-0.077638	1	-0.8	2	-0.7	3	-0.5	4	-1	5	-0.7	6	-0.9	7	-0.5	8	-0.5	9	-0.4	10	1	11	1
12	-1e30	0	0	-0.082149	1	-0.3	2	-0.7	3	-0.7	4	-0.4	5	-0.4	6	-0.9	7	-0.4	8	-0.8	9	-0.1	10	1	11	1
12	-1e30	0	0	-0.083286	1	-0.8	2	-0.3	3	-0.8	4	-0.3	5	-0.4	6	-0.9	7	-0.8	8	-0.9	9	-0.8	10	1	11	1
12	-1e30	0	0	-0.085303	1	-0.3	2	-0.5	3	-0.7	4	-0.8	5	-0.8	6	-0.9	7	-0.7	8	-1	9	-0.7	10	1	11	1
12	-1e30	0	0	-0.087088	1	-0.6	2	-0.5	3	-0.4	4	-0.4	5	-0.3	6	-0.9	7	-0.7	8	-0.8	9	-0.3	10	1	11	1
12	-1e30	0	0	-0.087098	1	-0.8	2	-0.6	3	-0.4	4	-0.3	5	-0.5	6	-0.9	7	-0.3	8	-0.1	9	-0.1	10	1	11	1
12	-1e30	0	0	-0.092339	1	-0.8	2	-1	3	-1	4	-0.8	5	-0.6	6	-0.9	7	-0.3	8	-1	9	-1	10	1	11	1
12	-1e30	0	0	-0.01081	1	-0.8	2	-0.4	3	-0.4	4	-0.1	5	-0.2	6	-0.9	7	-0.3	8	-0.3	9	-0.1	10	1	11	1
12	-1e30	0	0	-0.090028	1	-0.3	2	-1	3	-0.8	4	-0.7	5	-0.6	6	-0.9	7	-0.9	8	-0.3	9	-0.8	10	1	11	1
12	-1e30	0	0	-0.075598	1	-0.8	2	-1	3	-1	4	-0.8	5	-0.7	6	-1	7	-0.9	8	-0.7	9	-0.1	10	1	11	1
12	-1e30	0	0	-0.078091	1	-1	2	-0.7	3	-0.7	4	-0.6	5	-0.4	6	-1	7	-0.4	8	-0.1	9	-0.2	10	1	11	1
12	-1e30	0	0	-0.078383	1	-0.7	2	-0.3	3	-0.2	4	-1	5	-0.5	6	-1	7	-0.5	8	-0.4	9	-0.4	10	1	11	1
12	-1e30	0	0	-0.080612	1	-0.5	2	-0.4	3	-0.4	4	-0.9	5	-0.2	6	-1	7	-0.5	8	-0.6	9	-0.1	10	1	11	1
12	-1e30	0	0	-0.081797	1	-0.6	2	-1	3	-1	4	-0.2	5	-0.8	6	-1	7	-0.7	8	-0.3	9	-0.3	10	1	11	1
12	-1e30	0	0	-0.08276	1	-0.5	2	-0.2	3	-0.3	4	-0.1	5	-0.6	6	-1	7	-0.5	8	-0.1	9	-0.1	10	1	11	1
12	-1e30	0	0	-0.083099	1	-0.5	2	-0.3	3	-0.4	4	-0.1	5	-0.8	6	-1	7	-0.4	8	-0.9	9	-0.1	10	1	11	1
12	-1e30	0	0	-0.083619	1	-0.9	2	-0.4	3	-0.5	4	-1	5	-0.6	6	-1	7	-0.4	8	-0.8	9	-0.1	10	1	11	1
12	-1e30	0	0	-0.08539	1	-0.3	2	-0.6	3	-0.6	4	-0.6	5	-0.5	6	-1	7	-0.6	8	-0.8	9	-0.3	10	1	11	1
12	-1e30	0	0	-0.08671	1	-0.7	2	-0.5	3	-0.6	4	-1	5	-0.5	6	-1	7	-0.7	8	-0.9	9	-0.4	10	1	11	1
12	-1e30	0	0	-0.086992	1	-1	2	-1	3	-1	4	-0.8	5	-0.2	6	-1	7	-0.4	8	-0.1	9	-0.1	10	1	11	1
12	-1e30	0	0	-0.086992	1	-0.1	2	-0.6	3	-0.8	4	-1	5	-0.8	6	-1	7	-0.5	8	-0.7	9	-0.1	10	1	11	1
12	-1e30	0	0	-0.087121	1	-1	2	-0.3	3	-0.3	4	-1	5	-0.2	6	-1	7	-0.7	8	-0.3	9	-0.3	10	1	11	1
12	-1e30	0	0	-0.087222	1	-0.4	2	-0.5	3	-0.5	4	-1	5	-0.4	6	-1	7	-0.7	8	-0.5	9	-0.8	10	1	11	1
12	-1e30	0	0	-0.087268	1	-1	2	-1	3	-1	4	-0.2	5	-1	6	-1	7	-0.5	8	-0.3	9	-0.3	10	1	11	1
12	-1e30	0	0	-0.08729	1	-0.5	2	-0.3	3	-0.5	4	-0.1	5	-0.8	6	-1	7	-0.5	8	-0.3	9	-0.1	10	1	11	1
12	-1e30	0	0	-0.087472	1	-0.7	2	-0.5	3	-0.3	4	-0.7	5	-0.4	6	-1	7	-0.7	8	-0.5	9	-0.5	10	1	11	1
12	-1e30	0	0	-0.087511	1	-0.8	2	-0.3	3	-0.5	4	-0.4	5	-0.5	6	-1	7	-0.1	8	-0.6	9	-0.2	10	1	11	1
12	-1e30	0	0	-0.087718	1	-0.5	2	-1	3	-0.8	4	-1	5	-0.8	6	-1	7	-0.3	8	-0.6	9	-0.3	10	1	11	1
12	-1e30	0	0	-0.088284	1	-0.8	2	-0.8	3	-0.7	4	-0.4	5	-1	6	-1	7	-0.7	8	-0.8	9	-0.7	10	1	11	1
12	-1e30	0	0	-0.088393	1	-0.7	2	-0.2	3	-0.4	4	-0.1	5	-0.6	6	-1	7	-0.5	8	-0.4	9	-0.3	10	1	11	1
12	-1e30	0	0	-0.08862	1	-0.5	2	-0.5	3	-0.5	4	-0.6	5	-0.3	6	-1	7	-0.3	8	-0.1	9	-0.1	10	1	11	1
12	-1e30	0	0	-0.088915	1	-0.9	2	-0.9	3	-1	4	-0.3	5	-0.6	6	-1	7	-0.7	8	-1	9	-0.6	10	1	11	1
12	-1e30	0	0	-0.088961	1	-1	2	-0.7	3	-0.7	4	-0.4	5	-0.5	6	-1	7	-0.5	8	-0.7	9	-0.2	10	1	11	1
12	-1e30	0	0	-0.089041	1	-0.5	2	-0.6	3	-0.7	4	-0.8	5	-0.8	6	-1	7	-0.3	8	-1	9	-0.3	10	1	11	1
12	-1e30	0	0	-0.089253	1	-0.6	2	-1	3	-1	4	-1	5	-0.8	6	-1	7	-1	8	-1	9	-0.7	10	1	11	1
12	-1e30	0	0	-0.089257	1	-0.8	2	-0.6	3	-0.5	4	-0.4	5	-0.3	6	-1	7	-0.6	8	-0.1	9	-0.1	10	1	11	1
12	-1e30	0	0	-0.089261	1	-0.5	2	-0.8	3	-0.7	4	-0.7	5	-1	6	-1	7	-0.5	8	-0.7	9	-0.1	10	1	11	1
12	-1e30	0	0	-0.089399	1	-0.5	2	-0.3	3	-0.3	4	-0.3	5	-0.6	6	-1	7	-0.3	8	-0.1	9	-0.1	10	1	11	1
12	-1e30	0	0	-0.089572	1	-0.5	2	-0.8	3	-0.8	4	-0.8	5	-0.5	6	-1	7	-0.7	8	-0.8	9	-0.1	10	1	11	1
12	-1e30	0	0	-0.089605	1	-0.8	2	-0.7	3	-0.6	4	-0.4	5	-0.4	6	-1	7	-0.5	8	-0.1	9	-0.1	10	1	11	1
12	-1e30	0	0	-0.089699	1	-1	2	-0.5	3	-0.6	4	-1	5	-0.6	6	-1	7	-0.7	8	-0.7	9	-1	10	1	11	1
12	-1e30	0	0	-0.090023	1	-0.7	2	-0.5	3	-1	4	-1	5	-1	6	-1	7	-0.4	8	-1	9	-0.3	10	1	11	1
12	-1e30	0	0	-0.090303	1	-0.9	2	-0.7	3	-0.7	4	-0.5	5	-0.5	6	-1	7	-0.7	8	-0.8	9	-0.3	10	1	11	1
12	-1e30	0	0	-0.090431	1	-1	2	-0.8	3	-0.8	4	-0.4	5	-1	6	-1	7	-0.8	8	-0.1	9	-0.1	10	1	11	1
12	-1e30	0	0	-0.090536	1	-0.5	2	-1	3	-1	4	-0.9	5	-0.6	6	-1	7	-0.7	8	-1	9	-0.5	10	1	11	1
12	-1e30	0	0	-0.090642	1	-0.8	2	-1	3	-1	4	-1	5	-0.5	6	-1	7	-0.8	8	-1	9	-0.6	10	1	11	1
12	-1e30	0	0	-0.090815	1	-1	2	-1	3	-1	4	-1	5	-0.7	6	-1	7	-0.7	8	-1	9	-0.4	10	1	11	1
12	-1e30	0	0	-0.090829	1	-1	2	-1	3	-1	4	-1	5	-0.3	6	-1	7	-1	8	-0.6	9	-0.1	10	1	11	1
12	-1e30	0	0	-0.091108	1	-1	2	-0.6	3	-0.4	4	-0.3	5	-1	6	-1	7	-0.9	8	-1	9	-0.1	10	1	11	1
12	-1e30	0	0	-0.091213	1	-1	2	-0.5	3	-0.5	4	-0.6	5	-0.3	6	-1	7	-0.7	8	-0.9	9	-0.2	10	1	11	1
12	-1e30	0	0	-0.091233	1	-1	2	-0.5	3	-0.7	4	-0.4	5	-0.4	6	-1	7	-0.8	8	-0.9	9	-0.1	10	1	11	1
12	-1e30	0	0	-0.091433	1	-1	2	-1	3	-1	4	-0.3	5	-1	6	-1	7	-0.9	8	-1	9	-0.1	10	1	11	1
12	-1e30	0	0	-0.091586	1	-1	2	-0.4	3	-0.5	4	-0.5	5	-0.5	6	-1	7	-0.4	8	-0.1	9	-0.1	10	1	11	1
12	-1e30	0	0	-0.092279	1	-1	2	-0.8	3	-0.8	4	-0.2	5	-0.8	6	-1	7	-0.4	8	-0.8	9	-1	10	1	11	1
12	-1e30	0	0	-0.092405	1	-1	2	-0.4	3	-0.3	4	-0.2	5	-0.3	6	-1	7	-0.5	8	-0.3	9	-0.2	10	1	11	1
12	-1e30	0	0	-0.010769	1	-0.8	2	-1	3	-1	4	-0.8	5	-0.5	6	-1	7	-0.7	8	-0.8	9	-0.1	10	1	11	1
12	-1e30	0	0	-0.014215	1	-1	2	-0.4	3	-0.4	4	-1	5	-0.2	6	-1	7	-0.5	8	-0.3	9	-0.3	10	1	11	1
12	-1e30	0	0	-0.081797	1	-0.6	2	-1	3	-1	4	-0.2	5	-0.8	6	-1	7	-0.7	8	-0.3	9	-0.3	10	1	11	1
12	-1e30	0	0	-0.086867	1	-0.5	2	-0.6	3	-0.6	4	-0.2	5	-0.4	6	-1	7	-0.3	8	-0.6	9	-0.1	10	1	11	1
12	-1e30	0	0	-0.019001	1	-1	2	-0.5	3	-0.8	4	-1	5	-0.3	6	-1	7	-0.5	8	-0.1	9	-0.3	10	1	11	1
12	-1e30	0	0	-0.019588	1	-0.5	2	-1	3	-1	4	-0.6	5	-1	6	-1	7	-1	8	-0.6	9	-0.5	10	1	11	1
12	-1e30	0	0	-0.020375	1	-0.8	2	-0.8	3	-0.9	4	-0.4	5	-0.5	6	-1	7	-0.7	8	-0.8	9	-0.1	10	1	11	1
12	-1e30	0	0	-0.022536	1	-1	2	-0.4	3	-0.4	4	-1	5	-0.6	6	-1	7	-0.5	8	-0.5	9	-0.1	10	1	11	1
12	-1e30	0	0	-0.089089	1	-1	2	-1	3	-0.6	4	-0.3	5	-0.3	6	-1	7	-0.4	8	-0.3	9	-0.2	10	1	11	1
12	-1e30	0	0	-0.023834	1	-0.3	2	-0.3	3	-0.5	4	-0.2	5	-0.3	6	-1	7	-0.7	8	-0.1	9	-0.1	10	1	11	1
12	-1e30	0	0	-0.029049	1	-0.8	2	-0.4	3	-0.7	4	-0.1	5	-0.3	6	-1	7	-0.3	8	-0.9	9	-0.2	10	1	11	1
12	-1e30	0	0	-0.023834	1	-0.3	2	-0.3	3	-0.5	4	-0.2	5	-0.3	6	-1	7	-0.7	8	-0.1	9	-0.1	10	1	11	1
12	-1e30	0	0	-0.036284	1	-0.1	2	-0.4	3	-0.3	4	-1	5	-0.4	6	-1	7	-0.5	8	-0.6	9	-0.1	10	1	11	1
12	-1e30	0	0	-0.036588	1	-1	2	-0.4	3	-0.6	4	-0.1	5	-0.2	6	-1	7	-0.5	8	-0.3	9	-0.1	10	1	11	1
12	-1e30	0	0	-0.037775	1	-0.7	2	-0.4	3	-0.5	4	-1	5	-0.2	6	-1	7	-0.3	8	-0.8	9	-0.2	10	1	11	1
12	-1e30	0	0	-0.039196	1	-0.8	2	-1	3	-1	4	-1	5	-0.8	6	-1	7	-1	8	-0.7	9	-0.3	10	1	11	1
12	-1e30	0	0	-0.039343	1	-1	2	-1	3	-1	4	-1	5	-1	6	-1	7	-0.4	8	-1	9	-1	10	1	11	1
12	-1e30	0	0	-0.041323	1	-0.5	2	-0.6	3	-0.6	4	-0.8	5	-0.6	6	-1	7	-0.4	8	-1	9	-0.4	10	1	11	1
12	-1e30	0	0	-0.044689	1	-1	2	-0.4	3	-0.4	4	-0.6	5	-0.2	6	-1	7	-0.2	8	-0.3	9	-0.1	10	1	11	1
12	-1e30	0	0	-0.045095	1	-0.5	2	-0.5	3	-0.7	4	-0.8	5	-0.6	6	-1	7	-0.7	8	-0.4	9	-0.1	10	1	11	1
12	-1e30	0	0	-0.00471	1	-0.9	2	-0.1	3	-0.2	4	-0.6	5	-0.4	6	-1	7	-0.7	8	-0.7	9	-0.2	10	1	11	1
12	-1e30	0	0	-0.047624	1	-1	2	-1	3	-1	4	-0.7	5	-0.9	6	-1	7	-0.7	8	-1	9	-1	10	1	11	1
12	-1e30	0	0	-0.048592	1	-0.8	2	-0.3	3	-0.4	4	-0.9	5	-0.3	6	-1	7	-0.3	8	-0.3	9	-0.1	10	1	11	1
12	-1e30	0	0	-0.049028	1	-1	2	-0.8	3	-0.4	4	-0.4	5	-0.4	6	-1	7	-0.3	8	-1	9	-0.4	10	1	11	1
12	-1e30	0	0	-0.052505	1	-0.5	2	-0.5	3	-0.5	4	-0.2	5	-0.5	6	-1	7	-0.4	8	-0.3	9	-0.1	10	1	11	1
12	-1e30	0	0	-0.054323	1	-0.7	2	-0.6	3	-0.3	4	-0.2	5	-0.5	6	-1	7	-0.7	8	-0.4	9	-0.6	10	1	11	1
12	-1e30	0	0	-0.054542	1	-0.5	2	-0.4	3	-0.6	4	-1	5	-0.2	6	-1	7	-0.4	8	-0.1	9	-0.1	10	1	11	1
12	-1e30	0	0	-0.05596	1	-1	2	-0.1	3	-0.1	4	-0.1	5	-0.2	6	-1	7	-0.5	8	-0.4	9	-0.1	10	1	11	1
12	-1e30	0	0	-0.056505	1	-1	2	-0.4	3	-0.6	4	-0.4	5	-0.5	6	-1	7	-0.7	8	-0.1	9	-0.1	10	1	11	1
12	-1e30	0	0	-0.058361	1	-0.5	2	-0.4	3	-0.6	4	-0.6	5	-0.4	6	-1	7	-0.4	8	-0.3	9	-0.1	10	1	11	1
12	-1e30	0	0	-0.058391	1	-0.8	2	-0.6	3	-0.7	4	-0.3	5	-0.3	6	-1	7	-0.3	8	-0.4	9	-0.2	10	1	11	1
12	-1e30	0	0	-0.059262	1	-0.6	2	-0.5	3	-0.5	4	-0.8	5	-0.4	6	-1	7	-0.3	8	-0.4	9	-0.1	10	1	11	1
12	-1e30	0	0	-0.059938	1	-0.8	2	-0.5	3	-0.5	4	-0.5	5	-0.2	6	-1	7	-0.4	8	-0.3	9	-0.1	10	1	11	1
12	-1e30	0	0	-0.060197	1	-1	2	-0.3	3	-0.3	4	-0.1	5	-0.2	6	-1	7	-0.7	8	-0.6	9	-0.1	10	1	11	1
12	-1e30	0	0	-0.061157	1	-0.7	2	-0.6	3	-0.4	4	-0.8	5	-1	6	-1	7	-0.9	8	-0.5	9	-0.3	10	1	11	1
12	-1e30	0	0	-0.063238	1	-0.2	2	-0.7	3	-1	4	-1	5	-0.7	6	-1	7	-0.4	8	-0.9	9	-0.4	10	1	11	1
12	-1e30	0	0	-0.063872	1	-0.8	2	-1	3	-1	4	-0.7	5	-1	6	-1	7	-0.7	8	-0.3	9	-0.8	10	1	11	1
12	-1e30	0	0	-0.065205	1	-0.6	2	-1	3	-1	4	-1	5	-1	6	-1	7	-0.8	8	-1	9	-1	10	1	11	1
12	-1e30	0	0	-0.065253	1	-0.3	2	-1	3	-0.3	4	-1	5	-0.6	6	-1	7	-0.5	8	-0.1	9	-0.4	10	1	11	1
12	-1e30	0	0	-0.007114	1	-0.6	2	-1	3	-1	4	-1	5	-0.8	6	-1	7	-0.7	8	-1	9	-0.7	10	1	11	1
12	-1e30	0	0	-0.011914	1	-0.5	2	-0.8	3	-0.8	4	-1	5	-0.5	6	-1	7	-0.8	8	-1	9	-0.3	10	1	11	1
12	-1e30	0	0	-0.062911	1	-1	2	-0.6	3	-0.3	4	-0.6	5	-0.4	6	-1	7	-0.7	8	-0.8	9	-0.4	10	1	11	1
12	-1e30	0	0	-0.080289	1	-0.7	2	-0.6	3	-0.6	4	-0.3	5	-0.2	6	-1	7	-0.7	8	-0.1	9	-0.1	10	1	11	1
12	-1e30	0	0	-0.085603	1	-1	2	-0.8	3	-0.7	4	-0.4	5	-0.3	6	-1	7	-0.7	8	-0.9	9	-0.1	10	1	11	1
12	-1e30	0	0	-0.092085	1	-0.8	2	-0.5	3	-0.6	4	-0.2	5	-0.3	6	-1	7	-0.6	8	-0.6	9	-0.1	10	1	11	1
12	-1e30	0	0	-0.092115	1	-0.8	2	-0.7	3	-0.8	4	-0.5	5	-1	6	-1	7	-0.7	8	-0.2	9	-0.1	10	1	11	1
12	-1e30	0	0	-0.093442	1	-1	2	-1	3	-1	4	-0.7	5	-1	6	-1	7	-0.8	8	-0.2	9	-0.1	10	1	11	1
12	-1e30	0	0	-0.093542	1	-0.9	2	-1	3	-1	4	-1	5	-1	6	-1	7	-1	8	-1	9	-0.1	10	1	11	1
12	-1e30	0	0	-0.096219	1	-1	2	-0.8	3	-1	4	-0.1	5	-0.3	6	-1	7	-0.5	8	-0.1	9	-0.1	10	1	11	1
12	-1e30	0	0	-0.045202	1	-1	2	-0.4	3	-0.3	4	-1	5	-0.4	6	-1	7	-1	8	-0.1	9	-0.1	10	1	11	1
12	-1e30	0	0	-0.088711	1	-0.5	2	-0.7	3	-0.9	4	-0.8	5	-0.6	6	-1	7	-0.8	8	-1	9	-0.1	10	1	11	1
12	-1e30	0	0	-0.091494	1	-0.4	2	-0.5	3	-0.5	4	-0.8	5	-0.6	6	-1	7	-1	8	-0.7	9	-0.1	10	1	11	1
12	-1e30	0	0	-0.093462	1	-1	2	-0.6	3	-0.5	4	-0.8	5	-0.5	6	-1	7	-0.8	8	-0.6	9	-0.1	10	1	11	1
12	-1e30	0	0	-0.096505	1	-1	2	-0.6	3	-0.6	4	-0.2	5	-0.4	6	-1	7	-0.9	8	-0.7	9	-0.1	10	1	11	1
12	-1e30	0	0	-0.096593	1	-0.6	2	-0.6	3	-0.6	4	-0.5	5	-0.4	6	-1	7	-0.7	8	-0.6	9	-0.2	10	1	11	1
12	-1e30	0	0	-0.096561	1	-0.4	2	-0.8	3	-0.7	4	-1	5	-0.4	6	-1	7	-0.7	8	-0.5	9	-0.1	10	1	11	1
12	-1e30	0	0	-0.035242	1	-0.8	2	-0.7	3	-0.8	4	-0.5	5	-0.5	6	-1	7	-0.9	8	-1	9	-0.1	10	1	11	1
12	-1e30	0	0	-0.079822	1	-1	2	-1	3	-1	4	-1	5	-0.6	6	-1	7	-0.8	8	-0.1	9	-0.5	10	1	11	1
12	-1e30	0	0	-0.083184	1	-0.5	2	-0.8	3	-0.9	4	-0.4	5	-0.3	6	-1	7	-0.7	8	-0.1	9	-0.1	10	1	11	1
12	-1e30	0	0	-0.084932	1	-0.5	2	-1	3	-1	4	-1	5	-0.6	6	-1	7	-0.6	8	-0.5	9	-0.2	10	1	11	1
12	-1e30	0	0	-0.09709	1	-0.6	2	-0.6	3	-0.7	4	-1	5	-0.3	6	-1	7	-0.8	8	-1	9	-0.2	10	1	11	1
12	-1e30	0	0	-0.097613	1	-0.4	2	-1	3	-0.4	4	-0.7	5	-0.3	6	-1	7	-0.9	8	-1	9	-0.1	10	1	11	1
12	-1e30	0	0	-0.098885	1	-0.4	2	-0.7	3	-0.8	4	-0.3	5	-0.4	6	-1	7	-0.9	8	-0.1	9	-0.1	10	1	11	1
12	-1e30	0	0	-0.049955	1	-0.7	2	-0.5	3	-0.6	4	-1	5	-0.4	6	-1	7	-0.5	8	-0.3	9	-0.1	10	1	11	1
12	-1e30	0	0	-0.062246	1	-0.7	2	-0.4	3	-0.4	4	-0.3	5	-0.4	6	-1	7	-0.6	8	-0.9	9	-0.1	10	1	11	1
12	-1e30	0	0	-0.09086	1	-0.6	2	-1	3	-1	4	-1	5	-0.4	6	-1	7	-0.7	8	-1	9	-0.1	10	1	11	1
12	-1e30	0	0	-0.098958	1	-0.5	2	-0.7	3	-1	4	-1	5	-0.5	6	-1	7	-1	8	-1	9	-0.1	10	1	11	1
12	-1e30	0	0	-0.099824	1	-0.8	2	-0.4	3	-0.4	4	-0.1	5	-0.6	6	-1	7	-0.2	8	-0.5	9	-0.2	10	1	11	1
12	-1e30	0	0	-0.099902	1	-0.8	2	-1	3	-0.4	4	-0.4	5	-0.8	6	-1	7	-0.8	8	-0.2	9	-0.1	10	1	11	1
12	-1e30	0	0	-0.010623	1	-0.7	2	-0.6	3	-1	4	-0.5	5	-0.3	6	-1	7	-0.9	8	-1	9	-0.2	10	1	11	1
12	-1e30	0	0	-0.065284	1	-0.5	2	-0.7	3	-1	4	-0.6	5	-0.5	6	-1	7	-0.7	8	-0.5	9	-0.1	10	1	11	1
12	-1e30	0	0	-0.082329	1	-0.6	2	-1	3	-0.5	4	-0.5	5	-0.4	6	-1	7	-0.6	8	-1	9	-0.1	10	1	11	1
12	-1e30	0	0	-0.093244	1	-0.8	2	-1	3	-1	4	-1	5	-0.6	6	-1	7	-1	8	-1	9	-0.1	10	1	11	1
12	-1e30	0	0	-0.096291	1	-0.2	2	-0.5	3	-0.7	4	-0.6	5	-0.4	6	-1	7	-0.7	8	-0.6	9	-0.1	10	1	11	1
12	-1e30	0	0	-0.09651	1	-1	2	-0.3	3	-0.4	4	-0.5	5	-0.3	6	-1	7	-0.4	8	-0.1	9	-0.1	10	1	11	1
12	-1e30	0	0	-0.097776	1	-0.4	2	-0.8	3	-0.6	4	-0.3	5	-0.4	6	-1	7	-0.7	8	-0.1	9	-0.1	10	1	11	1
12	-1e30	0	0	-0.013998	1	-0.5	2	-0.3	3	-0.2	4	-0.8	5	-0.5	6	-1	7	-0.8	8	-0.1	9	-0.2	10	1	11	1
12	-1e30	0	0	-0.041443	1	-0.5	2	-1	3	-1	4	-1	5	-1	6	-1	7	-1	8	-0.1	9	-0.1	10	1	11	1
12	-1e30	0	0	-0.054715	1	-1	2	-0.4	3	-0.3	4	-1	5	-0.3	6	-1	7	-0.7	8	-0.1	9	-0.2	10	1	11	1
12	-1e30	0	0	-0.061157	1	-0.8	2	-1	3	-1	4	-1	5	-0.6	6	-1	7	-1	8	-1	9	-1	10	1	11	1
12	-1e30	0	0	-0.099151	1	-0.7	2	-0.8	3	-0.8	4	-0.7	5	-0.3	6	-1	7	-0.7	8	-0.2	9	-0.3	10	1	11	1
12	-1e30	0	0	-0.10181	1	-1	2	-1	3	-1	4	-1	5	-0.5	6	-1	7	-1	8	-1	9	-0.7	10	1	11	1
12	-1e30	0	0	-0.1019	1	-0.5	2	-1	3	-1	4	-1	5	-0.4	6	-1	7	-0.5	8	-0.6	9	-0.3	10	1	11	1
