14	132	1848	0
-1	1
-1	1
-1	1
-1	1
-1	1
-1	1
-1	1
-1	1
-1	1
-1	1
-1	1
-1	1
-1e30	1e30
0.001	1e30
14	-1e30	0	0	0.078431	1	0.066667	2	0.57143	3	0.93225	4	0.5	5	0.16667	6	1	7	0.5	8	0.66667	9	0.33333	10	0.33333	11	0.33333	12	-1	13	1
14	-1e30	0	0	0.088235	1	0.86667	2	0.061224	3	0.93327	4	1	5	0.33333	6	1	7	0.5	8	0.66667	9	0.33333	10	0.33333	11	0.33333	12	-1	13	1
14	-1e30	0	0	0.10784	1	0.066667	2	0.59184	3	0.93579	4	1	5	0.33333	6	1	7	0.5	8	0.33333	9	0.66667	10	0.33333	11	0.16667	12	-1	13	1
14	-1e30	0	0	0.13725	1	0.86667	2	0.12245	3	0.93832	4	1	5	0.33333	6	1	7	0.5	8	0.33333	9	0.66667	10	0.33333	11	0.16667	12	-1	13	1
14	-1e30	0	0	0.15686	1	0.066667	2	0.5102	3	0.93984	4	1	5	0.33333	6	1	7	0.5	8	0.66667	9	0.66667	10	0.66667	11	0.33333	12	-1	13	1
14	-1e30	0	0	0.16667	1	0.86667	2	0.081633	3	0.94186	4	0.75	5	0.33333	6	1	7	0.5	8	0.66667	9	0.66667	10	0.33333	11	0.5	12	-1	13	1
14	-1e30	0	0	0.17647	1	0.066667	2	0.57143	3	0.94237	4	0.75	5	0.33333	6	1	7	0.5	8	0.66667	9	0.33333	10	0.33333	11	0.5	12	-1	13	1
14	-1e30	0	0	0.18627	1	0.066667	2	0.59184	3	0.94338	4	1	5	0.33333	6	1	7	0.5	8	0.33333	9	0.66667	10	0.33333	11	0.16667	12	-1	13	1
14	-1e30	0	0	0.19608	1	0.066667	2	0.65306	3	0.9454	4	1	5	0.33333	6	1	7	0.5	8	0.33333	9	0.66667	10	0.33333	11	0.16667	12	-1	13	1
14	-1e30	0	0	0.21569	1	0.066667	2	0.4898	3	0.94843	4	1	5	0.66667	6	0.5	7	0.5	8	0.33333	9	0.33333	10	0.33333	11	0.16667	12	-1	13	1
14	-1e30	0	0	0.2549	1	0.86667	2	0.2449	3	0.95197	4	0.75	5	0.33333	6	0.5	7	0.5	8	1	9	0.66667	10	0.33333	11	0.5	12	-1	13	1
14	-1e30	0	0	0.27451	1	0.86667	2	0.061224	3	0.95248	4	1	5	0.33333	6	0.5	7	0.5	8	1	9	0.66667	10	0.33333	11	0.66667	12	-1	13	1
14	-1e30	0	0	0.28431	1	0.066667	2	0.53061	3	0.95248	4	1	5	0.33333	6	0.5	7	0.5	8	1	9	0.66667	10	1	11	0.33333	12	-1	13	1
14	-1e30	0	0	0.30392	1	0.86667	2	0.16327	3	0.95399	4	0.75	5	0.33333	6	0.5	7	0.5	8	1	9	0.66667	10	0.33333	11	0.5	12	-1	13	1
14	-1e30	0	0	0.32353	1	0.86667	2	0.38776	3	0.95501	4	1	5	0.66667	6	0.5	7	0.5	8	0.66667	9	0.66667	10	1	11	0.5	12	-1	13	1
14	-1e30	0	0	0.33333	1	1	2	0.83673	3	0.9545	4	0.75	5	0.33333	6	0.5	7	0.5	8	1	9	1	10	1	11	0.5	12	-1	13	1
14	-1e30	0	0	0.34314	1	0.066667	2	0.55102	3	0.95551	4	1	5	0.33333	6	0.5	7	0.5	8	1	9	0.66667	10	1	11	0.5	12	-1	13	1
14	-1e30	0	0	0.36275	1	0.86667	2	0.36735	3	0.95602	4	0.75	5	0.33333	6	0.5	7	0.5	8	1	9	0.66667	10	0.33333	11	0.5	12	-1	13	1
14	-1e30	0	0	0.41176	1	0.86667	2	0.18367	3	0.95804	4	1	5	0.33333	6	0.5	7	0.5	8	1	9	1	10	1	11	0.5	12	-1	13	1
14	-1e30	0	0	0.42157	1	0.86667	2	0.14286	3	0.95854	4	1	5	0.33333	6	0.5	7	0.5	8	1	9	1	10	1	11	0.66667	12	-1	13	1
14	-1e30	0	0	0.45098	1	0.066667	2	0.7551	3	0.95905	4	0.75	5	0.33333	6	0.5	7	1	8	1	9	1	10	1	11	0.5	12	-1	13	1
14	-1e30	0	0	0.46078	1	0.86667	2	0.30612	3	0.95956	4	0.75	5	0.33333	6	0.5	7	0.5	8	1	9	0.66667	10	0.33333	11	0.5	12	-1	13	1
14	-1e30	0	0	0.47059	1	0.066667	2	0.77551	3	0.96057	4	1	5	0.33333	6	0.5	7	0.5	8	1	9	0.66667	10	1	11	0.5	12	-1	13	1
14	-1e30	0	0	0.48039	1	0.066667	2	0.69388	3	0.96158	4	1	5	0.33333	6	0.5	7	0.5	8	1	9	0.66667	10	1	11	0.83333	12	-1	13	1
14	-1e30	0	0	0.4902	1	0.86667	2	0.42857	3	0.96208	4	0.75	5	0.66667	6	0.5	7	0.5	8	1	9	1	10	1	11	0.5	12	-1	13	1
14	-1e30	0	0	0.5	1	0.86667	2	0.12245	3	0.96208	4	0.75	5	0.33333	6	0.5	7	0.5	8	1	9	0.66667	10	1	11	0.5	12	-1	13	1
14	-1e30	0	0	0.51961	1	0.066667	2	0.57143	3	0.96259	4	0.75	5	0.66667	6	0.5	7	0.5	8	1	9	0.66667	10	0.66667	11	0.5	12	-1	13	1
14	-1e30	0	0	0.53922	1	0.066667	2	0.73469	3	0.96512	4	1	5	0.33333	6	0.5	7	0.5	8	1	9	1	10	1	11	0.5	12	-1	13	1
14	-1e30	0	0	0.55882	1	1	2	1	3	0.96562	4	0.75	5	0.33333	6	0.5	7	0.5	8	1	9	1	10	1	11	0.83333	12	-1	13	1
14	-1e30	0	0	0.56863	1	0.066667	2	0.67347	3	0.96057	4	1	5	0.33333	6	0.5	7	0.5	8	1	9	0.66667	10	1	11	0.5	12	-1	13	1
14	-1e30	0	0	0.57843	1	1	2	0.87755	3	0.96613	4	1	5	0.33333	6	0.5	7	0.5	8	1	9	1	10	1	11	0.83333	12	-1	13	1
14	-1e30	0	0	0.58824	1	0.066667	2	0.4898	3	0.96815	4	1	5	0.66667	6	0.5	7	0.5	8	1	9	1	10	1	11	0.5	12	-1	13	1
14	-1e30	0	0	0.59804	1	1	2	0.83673	3	0.96815	4	0.75	5	0.33333	6	0.5	7	0.5	8	1	9	1	10	1	11	0.5	12	-1	13	1
14	-1e30	0	0	0.60784	1	0.066667	2	0.7551	3	0.96967	4	0.75	5	0.33333	6	1	7	1	8	1	9	1	10	1	11	1	12	-1	13	1
14	-1e30	0	0	0.61765	1	0.066667	2	0.63265	3	0.97068	4	0.75	5	0.33333	6	0.5	7	0.5	8	1	9	0.66667	10	1	11	0.5	12	-1	13	1
14	-1e30	0	0	0.62745	1	0.066667	2	0.59184	3	0.97219	4	1	5	0.66667	6	0.5	7	0.5	8	1	9	0.66667	10	1	11	0.66667	12	-1	13	1
14	-1e30	0	0	0.64706	1	0.066667	2	0.65306	3	0.9727	4	1	5	0.66667	6	0.5	7	0.5	8	1	9	0.66667	10	0.33333	11	0.66667	12	-1	13	1
14	-1e30	0	0	0.65686	1	0.86667	2	0.020408	3	0.97422	4	1	5	0.66667	6	0.5	7	0.5	8	1	9	1	10	1	11	0.83333	12	-1	13	1
14	-1e30	0	0	0.66667	1	0.86667	2	0.34694	3	0.97472	4	1	5	0.33333	6	0.5	7	0.5	8	1	9	0.66667	10	0.33333	11	0.5	12	-1	13	1
14	-1e30	0	0	0.67647	1	0.066667	2	0.53061	3	0.97371	4	1	5	0.66667	6	0.5	7	0.5	8	1	9	0.66667	10	0.66667	11	0.33333	12	-1	13	1
14	-1e30	0	0	0.68627	1	0.066667	2	0.55102	3	0.97371	4	1	5	0.66667	6	0.5	7	0.5	8	1	9	0.66667	10	0.66667	11	0.33333	12	-1	13	1
14	-1e30	0	0	0.69608	1	0.066667	2	0.5102	3	0.97472	4	1	5	0.66667	6	0.5	7	0.5	8	1	9	0.66667	10	0.66667	11	0.33333	12	-1	13	1
14	-1e30	0	0	0.70588	1	0.86667	2	0.10204	3	0.97422	4	1	5	0.66667	6	1	7	1	8	1	9	0.66667	10	0.66667	11	0.83333	12	-1	13	1
14	-1e30	0	0	0.72549	1	0.86667	2	0.40816	3	0.97472	4	1	5	0.33333	6	0.5	7	1	8	1	9	0.66667	10	0.66667	11	0.83333	12	-1	13	1
14	-1e30	0	0	0.73529	1	0.066667	2	0.61224	3	0.97472	4	1	5	0.66667	6	0.5	7	1	8	1	9	0.66667	10	1	11	0.66667	12	-1	13	1
14	-1e30	0	0	0.7451	1	0.86667	2	0.12245	3	0.97624	4	1	5	0.66667	6	0.5	7	0.5	8	1	9	1	10	1	11	0.33333	12	-1	13	1
14	-1e30	0	0	0.7549	1	1	2	0.85714	3	0.97624	4	1	5	0.66667	6	1	7	0.5	8	1	9	1	10	1	11	0.66667	12	-1	13	1
14	-1e30	0	0	0.76471	1	1	2	0.81633	3	0.97624	4	1	5	0.66667	6	0.5	7	0.5	8	1	9	1	10	1	11	0.66667	12	-1	13	1
14	-1e30	0	0	0.77451	1	0.066667	2	0.69388	3	0.98028	4	1	5	0.66667	6	0.5	7	1	8	1	9	0.66667	10	1	11	0.83333	12	-1	13	1
14	-1e30	0	0	0.78431	1	0.86667	2	0.38776	3	0.98635	4	1	5	0.66667	6	0.5	7	0.5	8	1	9	1	10	1	11	0.83333	12	-1	13	1
14	-1e30	0	0	0.79412	1	0.86667	2	0.28571	3	0.98635	4	1	5	0.66667	6	0.5	7	1	8	1	9	1	10	1	11	1	12	-1	13	1
14	-1e30	0	0	0.81373	1	0.86667	2	0.020408	3	0.99039	4	1	5	1	6	0.5	7	0.5	8	1	9	1	10	1	11	0.66667	12	-1	13	1
14	-1e30	0	0	0.82353	1	0.066667	2	0.4898	3	0.99545	4	1	5	1	6	0.5	7	0.5	8	1	9	0.66667	10	1	11	0.66667	12	-1	13	1
14	-1e30	0	0	0.83333	1	0.86667	2	0.18367	3	0.99191	4	1	5	0.66667	6	0.5	7	1	8	1	9	1	10	1	11	1	12	-1	13	1
14	-1e30	0	0	0.84314	1	0.066667	2	0.67347	3	0.99141	4	1	5	0.66667	6	0.5	7	1	8	1	9	0.66667	10	0.66667	11	1	12	-1	13	1
14	-1e30	0	0	0.85294	1	0.066667	2	0.71429	3	0.96208	4	0.75	5	0.33333	6	0.5	7	0.5	8	1	9	0.66667	10	0.33333	11	0.5	12	-1	13	1
14	-1e30	0	0	0.86275	1	0.066667	2	0.7551	3	0.98837	4	1	5	0.66667	6	1	7	1	8	1	9	1	10	1	11	1	12	-1	13	1
14	-1e30	0	0	0.87255	1	0.86667	2	0.081633	3	0.96259	4	0.75	5	0.33333	6	0.5	7	0.5	8	1	9	0.66667	10	0.66667	11	0.5	12	-1	13	1
14	-1e30	0	0	0.88235	1	0.86667	2	0.14286	3	1	4	1	5	1	6	0.5	7	0.5	8	1	9	1	10	1	11	0.66667	12	-1	13	1
14	-1e30	0	0	0.89216	1	1	2	0.89796	3	0.99848	4	1	5	1	6	0.5	7	0.5	8	1	9	1	10	1	11	0.66667	12	-1	13	1
14	-1e30	0	0	0.91176	1	0.86667	2	0.22449	3	0.97927	4	1	5	0.66667	6	1	7	1	8	1	9	1	10	0.66667	11	1	12	-1	13	1
14	-1e30	0	0	0.93137	1	0.86667	2	0.32653	3	0.96208	4	0.75	5	0.33333	6	0.5	7	0.5	8	1	9	0.66667	10	0.33333	11	0.5	12	-1	13	1
14	-1e30	0	0	0.96078	1	0.86667	2	0.44898	3	0.98635	4	1	5	0.66667	6	0.5	7	0.5	8	1	9	0.66667	10	1	11	1	12	-1	13	1
14	-1e30	0	0	0.97059	1	0.86667	2	0.46939	3	0.98584	4	1	5	0.33333	6	0.5	7	0.5	8	1	9	0.66667	10	0.66667	11	0.5	12	-1	13	1
14	-1e30	0	0	0.9902	1	1	2	0.93878	3	0.97422	4	1	5	0.33333	6	0.5	7	0.5	8	1	9	1	10	0.66667	11	0.83333	12	-1	13	1
14	-1e30	0	0	1	1	1	2	0.95918	3	0.99039	4	1	5	0.33333	6	0.5	7	0.5	8	1	9	1	10	1	11	1	12	-1	13	1
14	-1e30	0	0	-0.078431	1	-0.066667	2	-0.57143	3	-0.91001	4	-0.5	5	-0.16667	6	-1	7	-0.5	8	-0.66667	9	-0.33333	10	-0.33333	11	-0.33333	12	1	13	1
14	-1e30	0	0	-0.088235	1	-0.86667	2	-0.061224	3	-0.91001	4	-1	5	-0.33333	6	-1	7	-0.5	8	-0.66667	9	-0.33333	10	-0.33333	11	-0.33333	12	1	13	1
14	-1e30	0	0	-0.10784	1	-0.066667	2	-0.59184	3	-0.91001	4	-1	5	-0.33333	6	-1	7	-0.5	8	-0.33333	9	-0.66667	10	-0.33333	11	-0.16667	12	1	13	1
14	-1e30	0	0	-0.13725	1	-0.86667	2	-0.12245	3	-0.91001	4	-1	5	-0.33333	6	-1	7	-0.5	8	-0.33333	9	-0.66667	10	-0.33333	11	-0.16667	12	1	13	1
14	-1e30	0	0	-0.15686	1	-0.066667	2	-0.5102	3	-0.91001	4	-1	5	-0.33333	6	-1	7	-0.5	8	-0.66667	9	-0.66667	10	-0.66667	11	-0.33333	12	1	13	1
14	-1e30	0	0	-0.16667	1	-0.86667	2	-0.081633	3	-0.91001	4	-0.75	5	-0.33333	6	-1	7	-0.5	8	-0.66667	9	-0.66667	10	-1	11	-0.5	12	1	13	1
14	-1e30	0	0	-0.17647	1	-0.066667	2	-0.57143	3	-0.91001	4	-0.75	5	-0.33333	6	-1	7	-0.5	8	-0.66667	9	-0.33333	10	-0.33333	11	-0.5	12	1	13	1
14	-1e30	0	0	-0.18627	1	-0.066667	2	-0.59184	3	-0.91001	4	-1	5	-0.33333	6	-1	7	-0.5	8	-0.33333	9	-0.66667	10	-0.33333	11	-0.16667	12	1	13	1
14	-1e30	0	0	-0.19608	1	-0.066667	2	-0.65306	3	-0.93529	4	-1	5	-0.33333	6	-1	7	-0.5	8	-0.33333	9	-0.66667	10	-0.33333	11	-0.16667	12	1	13	1
14	-1e30	0	0	-0.21569	1	-0.066667	2	-0.4898	3	-0.93529	4	-1	5	-0.66667	6	-0.5	7	-0.5	8	-0.33333	9	-0.33333	10	-0.33333	11	-0.16667	12	1	13	1
14	-1e30	0	0	-0.2549	1	-0.86667	2	-0.2449	3	-0.93529	4	-0.75	5	-0.33333	6	-0.5	7	-0.5	8	-1	9	-0.66667	10	-0.33333	11	-0.5	12	1	13	1
14	-1e30	0	0	-0.27451	1	-0.86667	2	-0.061224	3	-0.93529	4	-1	5	-0.33333	6	-0.5	7	-0.5	8	-1	9	-0.66667	10	-0.33333	11	-0.66667	12	1	13	1
14	-1e30	0	0	-0.28431	1	-0.066667	2	-0.53061	3	-0.93529	4	-1	5	-0.33333	6	-0.5	7	-0.5	8	-1	9	-0.66667	10	-1	11	-0.33333	12	1	13	1
14	-1e30	0	0	-0.30392	1	-0.86667	2	-0.16327	3	-0.93529	4	-0.75	5	-0.33333	6	-0.5	7	-0.5	8	-1	9	-0.66667	10	-0.33333	11	-0.5	12	1	13	1
14	-1e30	0	0	-0.32353	1	-0.86667	2	-0.38776	3	-0.93529	4	-1	5	-0.16667	6	-0.5	7	-0.5	8	-0.66667	9	-0.66667	10	-1	11	-0.5	12	1	13	1
14	-1e30	0	0	-0.33333	1	-1	2	-0.83673	3	-0.93529	4	-0.75	5	-0.33333	6	-0.5	7	-0.5	8	-1	9	-1	10	-1	11	-0.5	12	1	13	1
14	-1e30	0	0	-0.34314	1	-0.066667	2	-0.55102	3	-0.96057	4	-1	5	-0.33333	6	-0.5	7	-0.5	8	-1	9	-0.66667	10	-1	11	-0.5	12	1	13	1
14	-1e30	0	0	-0.36275	1	-0.86667	2	-0.36735	3	-0.96057	4	-0.75	5	-0.33333	6	-0.5	7	-0.5	8	-1	9	-0.66667	10	-0.33333	11	-0.5	12	1	13	1
14	-1e30	0	0	-0.41176	1	-0.86667	2	-0.18367	3	-0.96057	4	-1	5	-0.33333	6	-0.5	7	-0.5	8	-1	9	-1	10	-1	11	-0.5	12	1	13	1
14	-1e30	0	0	-0.42157	1	-0.86667	2	-0.14286	3	-0.96057	4	-1	5	-0.33333	6	-0.5	7	-0.5	8	-1	9	-1	10	-1	11	-0.66667	12	1	13	1
14	-1e30	0	0	-0.45098	1	-0.066667	2	-0.7551	3	-0.96057	4	-0.75	5	-0.33333	6	-0.5	7	-1	8	-1	9	-1	10	-1	11	-0.5	12	1	13	1
14	-1e30	0	0	-0.46078	1	-0.86667	2	-0.30612	3	-0.96057	4	-0.75	5	-0.33333	6	-0.5	7	-0.5	8	-1	9	-0.66667	10	-0.33333	11	-0.5	12	1	13	1
14	-1e30	0	0	-0.47059	1	-0.066667	2	-0.77551	3	-0.96057	4	-1	5	-0.33333	6	-0.5	7	-0.5	8	-1	9	-0.66667	10	-1	11	-0.5	12	1	13	1
14	-1e30	0	0	-0.48039	1	-0.066667	2	-0.69388	3	-0.96057	4	-1	5	-0.33333	6	-0.5	7	-0.5	8	-1	9	-0.66667	10	-1	11	-0.83333	12	1	13	1
14	-1e30	0	0	-0.4902	1	-0.86667	2	-0.42857	3	-0.96057	4	-0.75	5	-0.66667	6	-0.5	7	-0.5	8	-1	9	-1	10	-1	11	-0.5	12	1	13	1
14	-1e30	0	0	-0.5	1	-0.86667	2	-0.12245	3	-0.96057	4	-0.75	5	-0.33333	6	-0.5	7	-0.5	8	-1	9	-0.66667	10	-1	11	-0.5	12	1	13	1
14	-1e30	0	0	-0.51961	1	-0.066667	2	-0.57143	3	-0.96057	4	-0.75	5	-0.66667	6	-0.5	7	-0.5	8	-1	9	-0.66667	10	-0.66667	11	-0.5	12	1	13	1
14	-1e30	0	0	-0.53922	1	-0.066667	2	-0.73469	3	-0.96057	4	-1	5	-0.33333	6	-0.5	7	-0.5	8	-1	9	-1	10	-1	11	-0.5	12	1	13	1
14	-1e30	0	0	-0.55882	1	-1	2	-1	3	-0.96057	4	-0.75	5	-0.33333	6	-0.5	7	-0.5	8	-1	9	-1	10	-1	11	-0.83333	12	1	13	1
14	-1e30	0	0	-0.56863	1	-0.066667	2	-0.67347	3	-0.96057	4	-1	5	-0.33333	6	-0.5	7	-0.5	8	-1	9	-0.66667	10	-1	11	-0.5	12	1	13	1
14	-1e30	0	0	-0.57843	1	-1	2	-0.87755	3	-0.96057	4	-1	5	-0.33333	6	-0.5	7	-0.5	8	-1	9	-1	10	-1	11	-0.83333	12	1	13	1
14	-1e30	0	0	-0.58824	1	-0.066667	2	-0.4898	3	-0.96057	4	-1	5	-0.66667	6	-0.5	7	-0.5	8	-1	9	-1	10	-1	11	-0.5	12	1	13	1
14	-1e30	0	0	-0.59804	1	-1	2	-0.83673	3	-0.96057	4	-0.75	5	-0.33333	6	-0.5	7	-0.5	8	-1	9	-1	10	-1	11	-0.5	12	1	13	1
14	-1e30	0	0	-0.60784	1	-0.066667	2	-0.7551	3	-0.96057	4	-0.75	5	-0.33333	6	-1	7	-1	8	-1	9	-1	10	-1	11	-1	12	1	13	1
14	-1e30	0	0	-0.61765	1	-0.066667	2	-0.63265	3	-0.96057	4	-0.75	5	-0.33333	6	-0.5	7	-0.5	8	-1	9	-0.66667	10	-1	11	-0.5	12	1	13	1
14	-1e30	0	0	-0.62745	1	-0.066667	2	-0.59184	3	-0.96057	4	-1	5	-0.66667	6	-0.5	7	-0.5	8	-1	9	-0.66667	10	-1	11	-0.66667	12	1	13	1
14	-1e30	0	0	-0.64706	1	-0.066667	2	-0.65306	3	-0.96057	4	-1	5	-0.66667	6	-0.5	7	-0.5	8	-1	9	-0.66667	10	-0.33333	11	-0.66667	12	1	13	1
14	-1e30	0	0	-0.65686	1	-0.86667	2	-0.020408	3	-0.96057	4	-1	5	-0.66667	6	-0.5	7	-0.5	8	-1	9	-1	10	-1	11	-0.83333	12	1	13	1
14	-1e30	0	0	-0.66667	1	-0.86667	2	-0.34694	3	-0.96057	4	-1	5	-0.33333	6	-0.5	7	-0.5	8	-1	9	-0.66667	10	-0.33333	11	-0.5	12	1	13	1
14	-1e30	0	0	-0.67647	1	-0.066667	2	-0.53061	3	-0.96057	4	-1	5	-0.66667	6	-0.5	7	-0.5	8	-1	9	-0.66667	10	-0.66667	11	-0.33333	12	1	13	1
14	-1e30	0	0	-0.68627	1	-0.066667	2	-0.55102	3	-0.96057	4	-1	5	-0.66667	6	-0.5	7	-0.5	8	-1	9	-0.66667	10	-0.66667	11	-0.33333	12	1	13	1
14	-1e30	0	0	-0.69608	1	-0.066667	2	-0.5102	3	-0.96057	4	-1	5	-0.66667	6	-0.5	7	-0.5	8	-1	9	-0.66667	10	-0.66667	11	-0.33333	12	1	13	1
14	-1e30	0	0	-0.70588	1	-0.86667	2	-0.10204	3	-0.96057	4	-1	5	-0.66667	6	-1	7	-1	8	-1	9	-0.66667	10	-0.66667	11	-0.83333	12	1	13	1
14	-1e30	0	0	-0.72549	1	-0.86667	2	-0.40816	3	-0.96057	4	-1	5	-0.33333	6	-0.5	7	-1	8	-1	9	-0.66667	10	-0.66667	11	-0.83333	12	1	13	1
14	-1e30	0	0	-0.73529	1	-0.066667	2	-0.61224	3	-0.96057	4	-1	5	-0.66667	6	-0.5	7	-1	8	-1	9	-0.66667	10	-1	11	-0.66667	12	1	13	1
14	-1e30	0	0	-0.7451	1	-0.86667	2	-0.12245	3	-0.96057	4	-1	5	-0.66667	6	-0.5	7	-0.5	8	-1	9	-1	10	-1	11	-0.33333	12	1	13	1
14	-1e30	0	0	-0.7549	1	-1	2	-0.85714	3	-0.96057	4	-1	5	-0.66667	6	-1	7	-0.5	8	-1	9	-1	10	-1	11	-0.66667	12	1	13	1
14	-1e30	0	0	-0.76471	1	-1	2	-0.81633	3	-0.96057	4	-1	5	-0.66667	6	-0.5	7	-0.5	8	-1	9	-1	10	-1	11	-0.66667	12	1	13	1
14	-1e30	0	0	-0.77451	1	-0.066667	2	-0.69388	3	-0.96057	4	-1	5	-0.66667	6	-0.5	7	-1	8	-1	9	-0.66667	10	-1	11	-0.83333	12	1	13	1
14	-1e30	0	0	-0.78431	1	-0.86667	2	-0.38776	3	-0.98584	4	-1	5	-0.66667	6	-0.5	7	-0.5	8	-1	9	-1	10	-1	11	-0.83333	12	1	13	1
14	-1e30	0	0	-0.79412	1	-0.86667	2	-0.28571	3	-0.98584	4	-1	5	-0.66667	6	-0.5	7	-1	8	-1	9	-1	10	-1	11	-1	12	1	13	1
14	-1e30	0	0	-0.81373	1	-0.86667	2	-0.020408	3	-0.98584	4	-1	5	-1	6	-0.5	7	-0.5	8	-1	9	-1	10	-1	11	-0.66667	12	1	13	1
14	-1e30	0	0	-0.82353	1	-0.066667	2	-0.4898	3	-0.98584	4	-1	5	-1	6	-0.5	7	-0.5	8	-1	9	-0.66667	10	-1	11	-0.66667	12	1	13	1
14	-1e30	0	0	-0.83333	1	-0.86667	2	-0.18367	3	-0.98584	4	-1	5	-0.66667	6	-0.5	7	-1	8	-1	9	-1	10	-1	11	-1	12	1	13	1
14	-1e30	0	0	-0.84314	1	-0.066667	2	-0.67347	3	-0.98584	4	-1	5	-0.66667	6	-0.5	7	-1	8	-1	9	-0.66667	10	-0.66667	11	-1	12	1	13	1
14	-1e30	0	0	-0.85294	1	-0.066667	2	-0.71429	3	-0.96057	4	-0.75	5	-0.33333	6	-0.5	7	-0.5	8	-1	9	-0.66667	10	-0.33333	11	-0.5	12	1	13	1
14	-1e30	0	0	-0.86275	1	-0.066667	2	-0.7551	3	-0.98584	4	-1	5	-0.66667	6	-1	7	-1	8	-1	9	-1	10	-1	11	-1	12	1	13	1
14	-1e30	0	0	-0.87255	1	-0.86667	2	-0.081633	3	-0.96057	4	-0.75	5	-0.33333	6	-0.5	7	-0.5	8	-1	9	-0.66667	10	-0.66667	11	-0.5	12	1	13	1
14	-1e30	0	0	-0.88235	1	-0.86667	2	-0.14286	3	-0.98584	4	-1	5	-1	6	-0.5	7	-0.5	8	-1	9	-1	10	-1	11	-0.66667	12	1	13	1
14	-1e30	0	0	-0.89216	1	-1	2	-0.89796	3	-0.98584	4	-1	5	-1	6	-0.5	7	-0.5	8	-1	9	-1	10	-1	11	-0.66667	12	1	13	1
14	-1e30	0	0	-0.91176	1	-0.86667	2	-0.22449	3	-0.96057	4	-1	5	-0.66667	6	-1	7	-1	8	-1	9	-1	10	-0.66667	11	-1	12	1	13	1
14	-1e30	0	0	-0.93137	1	-0.86667	2	-0.32653	3	-0.96057	4	-0.75	5	-0.33333	6	-0.5	7	-0.5	8	-1	9	-0.66667	10	-0.33333	11	-0.5	12	1	13	1
14	-1e30	0	0	-0.96078	1	-0.86667	2	-0.44898	3	-0.98584	4	-1	5	-0.66667	6	-0.5	7	-0.5	8	-1	9	-0.66667	10	-1	11	-1	12	1	13	1
14	-1e30	0	0	-0.97059	1	-0.86667	2	-0.46939	3	-0.98584	4	-1	5	-0.33333	6	-0.5	7	-0.5	8	-1	9	-0.66667	10	-0.66667	11	-0.5	12	1	13	1
14	-1e30	0	0	-0.9902	1	-1	2	-0.93878	3	-0.96057	4	-1	5	-0.33333	6	-0.5	7	-0.5	8	-1	9	-1	10	-0.66667	11	-0.83333	12	1	13	1
14	-1e30	0	0	-1	1	-1	2	-0.95918	3	-0.98584	4	-1	5	-0.33333	6	-0.5	7	-0.5	8	-1	9	-1	10	-1	11	-1	12	1	13	1
