20	445	8845	0
-1	1
-1	1
-1	1
-1	1
-1	1
-1	1
-1	1
-1	1
-1	1
-1	1
-1	1
-1	1
-1	1
-1	1
-1	1
-1	1
-1	1
-1	1
-1e30	1e30
0.001	1e30
20	-1e30	0	0	0.73913	1	0.75862	2	0.6422	3	0.61562	4	0.74638	5	0.94545	6	0.5687	7	0.76271	8	0.67857	9	0.76596	10	0.75313	11	0.32565	12	0.70149	13	0.94074	14	0.40909	15	0.28947	16	0.88235	17	0.8673	18	-1	19	1
20	-1e30	0	0	0.93043	1	0.98276	2	0.97248	3	0.51652	4	0.36232	5	0.10909	6	0.97328	7	0.44068	8	1	9	0.89894	10	0.875	11	0.95892	12	0.98507	13	0.62963	14	0.22727	15	0.23684	16	0.88725	17	0.8673	18	-1	19	1
20	-1e30	0	0	0.84348	1	0.74138	2	0.66972	3	0.51952	4	0.47101	5	0.10909	6	0.58397	7	0.71186	8	0.67857	9	0.76064	10	0.55	11	0.36172	12	0.64179	13	0.48889	14	0.59091	15	0.026316	16	0.98039	17	0.96682	18	-1	19	1
20	-1e30	0	0	0.76522	1	0.7931	2	0.6789	3	0.51351	4	0.49275	5	0.10909	6	0.58015	7	0.72881	8	0.67857	9	0.78723	10	0.5625	11	0.3497	12	0.71642	13	0.52593	14	0.22727	15	0.28947	16	0.92647	17	0.92417	18	-1	19	1
20	-1e30	0	0	0.81739	1	0.84483	2	0.72477	3	0.60961	4	0.51449	5	0.090909	6	0.66412	7	0.62712	8	0.75	9	0.81915	10	0.6125	11	0.46593	12	0.76866	13	0.52593	14	0.27273	15	0.052632	16	0.96569	17	0.94313	18	-1	19	1
20	-1e30	0	0	0.86087	1	0.7069	2	0.70642	3	0.59159	4	0.5	5	0.10909	6	0.67557	7	0.61017	8	0.75	9	0.73936	10	0.63125	11	0.48597	12	0.56343	13	0.53333	14	0.18182	15	0.26316	16	0.97059	17	0.94313	18	-1	19	1
19	-1e30	0	0	0.73043	1	0.81034	2	0.68807	3	0.45946	4	0.46377	5	0.10909	6	0.58779	7	0.72881	8	0.67857	9	0.77128	10	0.54688	11	0.35471	12	0.68657	13	0.55556	15	0.078947	16	0.90686	17	0.90995	18	-1	19	1
20	-1e30	0	0	0.81739	1	0.74138	2	0.58716	3	0.51952	4	0.5	5	0.12727	6	0.57252	7	0.72881	8	0.67857	9	0.75532	10	0.52812	11	0.34469	12	0.66045	13	0.5037	14	0.40909	15	0.026316	16	0.97549	17	0.9763	18	-1	19	1
20	-1e30	0	0	0.75652	1	0.67241	2	0.6422	3	0.44444	4	0.44203	5	0.12727	6	0.5458	7	0.77966	8	0.64286	9	0.7234	10	0.5125	11	0.30762	12	0.52612	13	0.51111	14	0.045455	15	0.052632	16	0.94118	17	0.94313	18	-1	19	1
20	-1e30	0	0	0.88696	1	0.77586	2	0.77982	3	0.57958	4	0.46377	5	0.10909	6	0.73282	7	0.55932	8	0.78571	9	0.7766	10	0.67812	11	0.57114	12	0.60821	13	0.56296	14	0.27273	15	0.18421	16	0.95588	17	0.91469	18	-1	19	1
20	-1e30	0	0	0.71304	1	0.75862	2	0.66055	3	0.35435	4	0.37681	5	0.12727	6	0.58015	7	0.74576	8	0.67857	9	0.78191	10	0.54375	11	0.34068	12	0.66045	13	0.60741	14	0.090909	15	0.052632	16	0.88235	17	0.87678	18	-1	19	1
19	-1e30	0	0	0.70435	1	0.77586	2	0.62385	3	0.50751	4	0.52899	5	0.10909	6	0.57634	7	0.74576	8	0.67857	9	0.7766	10	0.54063	11	0.33667	12	0.69403	13	0.55556	14	0.31818	16	0.89706	17	0.89573	18	-1	19	1
20	-1e30	0	0	0.73913	1	0.72414	2	0.6055	3	0.36637	4	0.3913	5	0.10909	6	0.56489	7	0.77966	8	0.67857	9	0.75	10	0.5375	11	0.31764	12	0.64925	13	0.65185	14	0.27273	15	0.36842	16	0.88235	17	0.86256	18	-1	19	1
20	-1e30	0	0	0.87826	1	0.72414	2	0.56881	3	0.52553	4	0.48551	5	0.10909	6	0.5687	7	0.72881	8	0.67857	9	0.73936	10	0.52812	11	0.34168	12	0.61567	13	0.48148	14	0.31818	15	0.28947	16	0.9902	17	0.99052	18	-1	19	1
20	-1e30	0	0	0.87826	1	0.96552	2	0.95413	3	0.55556	4	0.38406	5	0.10909	6	0.98092	7	0.44068	8	1	9	0.89362	10	0.85938	11	0.95792	12	0.85821	13	0.61481	14	0.22727	15	0.68421	16	0.88235	17	0.87204	18	-1	19	1
20	-1e30	0	0	0.72174	1	0.72414	2	0.6055	3	0.46847	4	0.48551	5	0.12727	6	0.57252	7	0.76271	8	0.67857	9	0.76596	10	0.54375	11	0.33367	12	0.59328	13	0.57778	14	0.18182	15	0.052632	16	0.89216	17	0.891	18	-1	19	1
19	-1e30	0	0	0.8087	1	0.77586	2	0.78899	3	0.6036	4	0.5	5	0.12727	6	0.70229	7	0.59322	8	0.78571	9	0.77128	10	0.63438	11	0.52405	12	0.68284	13	0.53333	15	0.10526	16	0.95098	17	0.93365	18	-1	19	1
20	-1e30	0	0	0.70435	1	0.74138	2	0.62385	3	0.37538	4	0.41304	5	0.14545	6	0.5687	7	0.77966	8	0.67857	9	0.7766	10	0.52812	11	0.32365	12	0.64179	13	0.61481	14	0.27273	15	0.47368	16	0.87745	17	0.87204	18	-1	19	1
20	-1e30	0	0	0.85217	1	0.84483	2	0.77064	3	0.65766	4	0.53623	5	0.12727	6	0.72519	7	0.57627	8	0.78571	9	0.81915	10	0.65	11	0.55912	12	0.77985	13	0.54815	14	0.18182	15	0.18421	16	0.95588	17	0.92417	18	-1	19	1
20	-1e30	0	0	0.90435	1	0.89655	2	0.86239	3	0.62462	4	0.47826	5	0.090909	6	0.79389	7	0.52542	8	0.85714	9	0.85638	10	0.70937	11	0.66733	12	0.81343	13	0.56296	14	0.5	15	0.10526	16	0.94608	17	0.90521	18	-1	19	1
20	-1e30	0	0	0.77391	1	0.75862	2	0.62385	3	0.33934	4	0.36232	5	0.12727	6	0.57252	7	0.76271	8	0.67857	9	0.78191	10	0.53438	11	0.32866	12	0.70522	13	0.65185	14	0.27273	15	0.13158	16	0.87745	17	0.86256	18	-1	19	1
19	-1e30	0	0	0.75652	1	0.7931	2	0.65138	3	0.47748	4	0.47826	5	0.10909	6	0.57634	7	0.74576	8	0.67857	9	0.7766	10	0.54688	11	0.34369	12	0.70522	13	0.54074	14	0.090909	16	0.91176	17	0.90047	18	-1	19	1
20	-1e30	0	0	0.86087	1	0.87931	2	0.84404	3	0.60961	4	0.47101	5	0.090909	6	0.79771	7	0.52542	8	0.85714	9	0.84574	10	0.725	11	0.67234	12	0.79851	13	0.57778	14	0.22727	15	0.28947	16	0.93627	17	0.89573	18	-1	19	1
20	-1e30	0	0	0.77391	1	0.68966	2	0.69725	3	0.56456	4	0.55072	5	0.12727	6	0.57252	7	0.74576	8	0.67857	9	0.7234	10	0.54375	11	0.34269	12	0.55224	13	0.53333	14	0.13636	15	0.21053	16	0.94608	17	0.93365	18	-1	19	1
20	-1e30	0	0	0.95652	1	1	2	0.97248	3	0.54054	4	0.36957	5	0.10909	6	0.99618	7	0.44068	8	1	9	0.90957	10	0.86875	11	1	12	0.95896	13	0.61481	14	0.40909	15	0.34211	16	0.88725	17	0.86256	18	-1	19	1
20	-1e30	0	0	0.7913	1	0.72414	2	0.77064	3	0.62763	4	0.54348	5	0.10909	6	0.65267	7	0.64407	8	0.71429	9	0.73404	10	0.59062	11	0.44689	12	0.60075	13	0.51111	14	0.13636	15	0.31579	16	0.96078	17	0.95261	18	-1	19	1
20	-1e30	0	0	0.73043	1	0.77586	2	0.6055	3	0.46246	4	0.47101	5	0.10909	6	0.55344	7	0.77966	8	0.67857	9	0.76596	10	0.525	11	0.31263	12	0.66045	13	0.54074	14	0.090909	15	0.078947	16	0.90196	17	0.891	18	-1	19	1
20	-1e30	0	0	0.74783	1	0.74138	2	0.62385	3	0.45646	4	0.44928	5	0.12727	6	0.57252	7	0.74576	8	0.67857	9	0.75532	10	0.55937	11	0.33768	12	0.61194	13	0.55556	14	0.18182	15	0.23684	16	0.92157	17	0.90995	18	-1	19	1
20	-1e30	0	0	0.75652	1	0.75862	2	0.59633	3	0.37237	4	0.4058	5	0.10909	6	0.5687	7	0.77966	8	0.67857	9	0.76596	10	0.53125	11	0.32164	12	0.63806	13	0.64444	14	0.18182	15	0.31579	16	0.87745	17	0.86256	18	-1	19	1
20	-1e30	0	0	0.71304	1	0.77586	2	0.6055	3	0.75676	4	0.91304	5	0.94545	6	0.56489	7	0.76271	8	0.67857	9	0.76596	10	0.74062	11	0.32665	12	0.6903	13	0.88148	14	0.045455	15	0.026316	16	0.88725	17	0.87678	18	-1	19	1
19	-1e30	0	0	0.88696	1	0.77586	2	0.76147	3	0.59459	4	0.47101	5	0.090909	6	0.74046	7	0.55932	8	0.78571	9	0.7766	10	0.70312	11	0.57715	12	0.62313	13	0.58519	15	0.71053	16	0.94608	17	0.90521	18	-1	19	1
20	-1e30	0	0	0.69565	1	0.75862	2	0.62385	3	0.40541	4	0.42754	5	0.14545	6	0.57252	7	0.76271	8	0.67857	9	0.77128	10	0.53125	11	0.32966	12	0.64552	13	0.59259	14	0.31818	15	0.31579	16	0.88235	17	0.87678	18	-1	19	1
20	-1e30	0	0	0.86087	1	0.82759	2	0.72477	3	0.5976	4	0.49275	5	0.10909	6	0.70611	7	0.59322	8	0.78571	9	0.81383	10	0.63125	11	0.52505	12	0.63806	13	0.54815	14	0.22727	15	0.21053	16	0.95588	17	0.92417	18	-1	19	1
20	-1e30	0	0	0.73913	1	0.74138	2	0.58716	3	0.38438	4	0.4058	5	0.14545	6	0.57252	7	0.77966	8	0.67857	9	0.76596	10	0.525	11	0.32465	12	0.64552	13	0.60741	14	0.40909	15	0.36842	16	0.88235	17	0.87204	18	-1	19	1
20	-1e30	0	0	0.8087	1	0.84483	2	0.72477	3	0.54054	4	0.47101	5	0.12727	6	0.66031	7	0.62712	8	0.75	9	0.84043	10	0.59062	11	0.46393	12	0.72388	13	0.51852	14	0.22727	15	0.26316	16	0.96569	17	0.95735	18	-1	19	1
20	-1e30	0	0	0.77391	1	0.72414	2	0.6422	3	0.44444	4	0.44928	5	0.12727	6	0.56107	7	0.76271	8	0.67857	9	0.76064	10	0.55	11	0.32365	12	0.5709	13	0.56296	14	0.090909	15	0.15789	16	0.91176	17	0.89573	18	-1	19	1
20	-1e30	0	0	0.73913	1	0.7069	2	0.6055	3	0.46547	4	0.47101	5	0.4	6	0.5687	7	0.76271	8	0.67857	9	0.73936	10	0.54063	11	0.33066	12	0.57836	13	0.55556	14	0.27273	15	0.42105	16	0.90196	17	0.90521	18	-1	19	1
20	-1e30	0	0	0.86957	1	0.82759	2	0.87156	3	0.62763	4	0.49275	5	0.12727	6	0.75954	7	0.54237	8	0.82143	9	0.79787	10	0.675	11	0.60621	12	0.74627	13	0.54074	14	0.31818	15	0.28947	16	0.94118	17	0.91943	18	-1	19	1
20	-1e30	0	0	0.70435	1	0.72414	2	0.57798	3	0.37538	4	0.39855	5	0.14545	6	0.5687	7	0.77966	8	0.67857	9	0.77128	10	0.51875	11	0.32064	12	0.64179	13	0.63704	14	0.31818	15	0.18421	16	0.87745	17	0.86256	18	-1	19	1
20	-1e30	0	0	0.69565	1	0.74138	2	0.62385	3	0.36036	4	0.3913	5	0.14545	6	0.57252	7	0.76271	8	0.67857	9	0.77128	10	0.53438	11	0.32966	12	0.65672	13	0.62963	14	0.18182	15	0.21053	16	0.87745	17	0.8673	18	-1	19	1
20	-1e30	0	0	0.7913	1	0.68966	2	0.69725	3	0.51351	4	0.48551	5	0.12727	6	0.5687	7	0.74576	8	0.67857	9	0.71809	10	0.52812	11	0.33267	12	0.53731	13	0.5037	14	0.18182	15	0.44737	16	0.94118	17	0.94787	18	-1	19	1
20	-1e30	0	0	0.81739	1	0.75862	2	0.77064	3	0.64865	4	0.53623	5	0.10909	6	0.70229	7	0.59322	8	0.78571	9	0.77128	10	0.65	11	0.52605	12	0.57463	13	0.54074	14	0.18182	15	0.57895	16	0.96078	17	0.93365	18	-1	19	1
20	-1e30	0	0	0.95652	1	0.96552	2	0.94495	3	0.66967	4	0.46377	5	0.090909	6	0.9542	7	0.44068	8	0.96429	9	0.89894	10	0.875	11	0.92986	12	0.89179	13	0.62963	14	0.18182	15	0.15789	16	0.90196	17	0.8673	18	-1	19	1
19	-1e30	0	0	0.71304	1	0.77586	2	0.62385	3	0.41742	4	0.46377	5	0.10909	6	0.56107	7	0.77966	8	0.67857	9	0.76064	10	0.52812	11	0.32064	12	0.68657	13	0.59259	15	0.026316	16	0.88725	17	0.87204	18	-1	19	1
20	-1e30	0	0	0.92174	1	0.93103	2	0.94495	3	0.48348	4	0.34058	5	0.072727	6	0.94275	7	0.45763	8	0.96429	9	0.88298	10	0.83125	11	0.89379	12	0.90299	13	0.62963	14	0.18182	15	0.28947	16	0.88725	17	0.8673	18	-1	19	1
20	-1e30	0	0	0.83478	1	0.84483	2	0.89908	3	0.56156	4	0.42754	5	0.10909	6	0.81298	7	0.52542	8	0.85714	9	0.80851	10	0.7125	11	0.68136	12	0.78358	13	0.57037	14	0.36364	15	0.73684	16	0.92157	17	0.89573	18	-1	19	1
20	-1e30	0	0	0.76522	1	0.68966	2	0.7156	3	0.55856	4	0.52899	5	0.10909	6	0.60305	7	0.69492	8	0.71429	9	0.71277	10	0.57812	11	0.37976	12	0.55224	13	0.54074	14	0.045455	15	0.28947	16	0.94608	17	0.93365	18	-1	19	1
20	-1e30	0	0	0.77391	1	0.75862	2	0.66055	3	0.48048	4	0.47826	5	0.12727	6	0.54962	7	0.77966	8	0.67857	9	0.78191	10	0.51875	11	0.31263	12	0.6306	13	0.51111	14	0.5	15	0.026316	16	0.93627	17	0.93839	18	-1	19	1
20	-1e30	0	0	0.8087	1	0.63793	2	0.66972	3	0.52252	4	0.49275	5	0.12727	6	0.57634	7	0.72881	8	0.67857	9	0.69681	10	0.54688	11	0.3477	12	0.50373	13	0.5037	14	0.045455	15	0.57895	16	0.96078	17	0.97156	18	-1	19	1
19	-1e30	0	0	0.7913	1	0.72414	2	0.6055	3	0.50751	4	0.47826	5	0.12727	6	0.55344	7	0.74576	8	0.67857	9	0.74468	10	0.52812	11	0.32565	12	0.59328	13	0.4963	14	0.18182	16	0.98529	17	0.98104	18	-1	19	1
20	-1e30	0	0	0.86957	1	0.7069	2	0.68807	3	0.61562	4	0.51449	5	0.090909	6	0.67176	7	0.61017	8	0.75	9	0.73404	10	0.6375	11	0.47996	12	0.56343	13	0.53333	14	0.31818	15	0.5	16	0.96569	17	0.93365	18	-1	19	1
20	-1e30	0	0	0.7913	1	0.72414	2	0.74312	3	0.57958	4	0.5	5	0.090909	6	0.64504	7	0.64407	8	0.71429	9	0.72872	10	0.575	11	0.43487	12	0.58209	13	0.5037	14	0.13636	15	0.60526	16	0.97059	17	0.96682	18	-1	19	1
20	-1e30	0	0	0.93043	1	0.94828	2	0.89908	3	0.5976	4	0.42754	5	0.12727	6	0.91603	7	0.45763	8	0.92857	9	0.89362	10	0.80625	11	0.86774	12	0.91418	13	0.59259	14	0.13636	15	0.026316	16	0.91176	17	0.87204	18	-1	19	1
20	-1e30	0	0	0.74783	1	0.74138	2	0.6055	3	0.39039	4	0.4058	5	0.12727	6	0.58015	7	0.74576	8	0.67857	9	0.75532	10	0.55312	11	0.34068	12	0.64552	13	0.6	14	0.27273	15	0.36842	16	0.88725	17	0.87678	18	-1	19	1
19	-1e30	0	0	0.71304	1	0.75862	2	0.66055	3	0.45045	4	0.46377	5	0.12727	6	0.58779	7	0.74576	8	0.67857	9	0.76596	10	0.56563	11	0.3507	12	0.66045	13	0.59259	15	0.42105	16	0.89706	17	0.88626	18	-1	19	1
20	-1e30	0	0	0.70435	1	0.7931	2	0.65138	3	0.39039	4	0.4058	5	0.12727	6	0.58397	7	0.74576	8	0.67857	9	0.79255	10	0.5375	11	0.34269	12	0.71269	13	0.6	14	0.13636	15	0.36842	16	0.88235	17	0.88152	18	-1	19	1
20	-1e30	0	0	0.71304	1	0.75862	2	0.66055	3	0.40841	4	0.44203	5	0.12727	6	0.56107	7	0.77966	8	0.67857	9	0.76064	10	0.54063	11	0.31764	12	0.68284	13	0.6	14	0.27273	15	0.44737	16	0.88725	17	0.87678	18	-1	19	1
20	-1e30	0	0	0.73913	1	0.72414	2	0.58716	3	0.36336	4	0.39855	5	0.12727	6	0.5687	7	0.77966	8	0.67857	9	0.7766	10	0.52187	11	0.32365	12	0.64179	13	0.62963	14	0.045455	15	0.15789	16	0.87745	17	0.86256	18	-1	19	1
20	-1e30	0	0	0.74783	1	0.7931	2	0.6422	3	0.44745	4	0.47101	5	0.14545	6	0.5687	7	0.76271	8	0.67857	9	0.7766	10	0.53125	11	0.33166	12	0.6903	13	0.57037	14	0.27273	15	0.15789	16	0.89706	17	0.891	18	-1	19	1
20	-1e30	0	0	0.78261	1	0.7069	2	0.65138	3	0.50751	4	0.49275	5	0.12727	6	0.57252	7	0.74576	8	0.67857	9	0.73404	10	0.54688	11	0.33667	12	0.58582	13	0.52593	14	0.13636	15	0.47368	16	0.94118	17	0.93365	18	-1	19	1
20	-1e30	0	0	0.90435	1	0.84483	2	0.81651	3	0.5045	4	0.3913	5	0.072727	6	0.80916	7	0.52542	8	0.85714	9	0.81383	10	0.74375	11	0.68337	12	0.73881	13	0.57778	14	0.045455	15	0.60526	16	0.93137	17	0.89573	18	-1	19	1
20	-1e30	0	0	0.72174	1	0.75862	2	0.62385	3	0.43243	4	0.44203	5	0.14545	6	0.56107	7	0.76271	8	0.67857	9	0.76064	10	0.53125	11	0.32565	12	0.67164	13	0.54815	14	0.045455	15	0.026316	16	0.90686	17	0.90521	18	-1	19	1
20	-1e30	0	0	0.86957	1	0.86207	2	0.74312	3	0.59159	4	0.48551	5	0.10909	6	0.70992	7	0.57627	8	0.78571	9	0.84043	10	0.64375	11	0.53206	12	0.73881	13	0.54815	14	0.27273	15	0.026316	16	0.96569	17	0.93839	18	-1	19	1
20	-1e30	0	0	0.70435	1	0.75862	2	0.66055	3	0.41742	4	0.43478	5	0.10909	6	0.58397	7	0.74576	8	0.67857	9	0.7766	10	0.5625	11	0.3477	12	0.66418	13	0.6	14	0.045455	15	0.39474	16	0.89216	17	0.88152	18	-1	19	1
20	-1e30	0	0	0.70435	1	0.75862	2	0.62385	3	0.36036	4	0.38406	5	0.10909	6	0.57634	7	0.76271	8	0.67857	9	0.78191	10	0.53125	11	0.33367	12	0.66418	13	0.63704	14	0.18182	15	0.13158	16	0.87745	17	0.8673	18	-1	19	1
20	-1e30	0	0	0.83478	1	0.63793	2	0.6789	3	0.5976	4	0.53623	5	0.090909	6	0.62977	7	0.66102	8	0.71429	9	0.68085	10	0.5875	11	0.41984	12	0.50746	13	0.53333	14	0.045455	15	0.078947	16	0.96078	17	0.94787	18	-1	19	1
20	-1e30	0	0	0.73913	1	0.77586	2	0.59633	3	0.38438	4	0.4058	5	0.14545	6	0.57634	7	0.76271	8	0.67857	9	0.77128	10	0.53125	11	0.33267	12	0.69403	13	0.6	14	0.045455	15	0.26316	16	0.87745	17	0.87204	18	-1	19	1
20	-1e30	0	0	0.68696	1	0.81034	2	0.6789	3	0.42342	4	0.44203	5	0.12727	6	0.58397	7	0.72881	8	0.67857	9	0.79255	10	0.54688	11	0.3497	12	0.74254	13	0.57037	14	0.27273	15	0.26316	16	0.89706	17	0.89573	18	-1	19	1
20	-1e30	0	0	0.73913	1	0.72414	2	0.54128	3	0.3964	4	0.42029	5	0.12727	6	0.5687	7	0.77966	8	0.67857	9	0.76596	10	0.51875	11	0.32064	12	0.64179	13	0.61481	14	0.36364	15	0.10526	16	0.87745	17	0.86256	18	-1	19	1
20	-1e30	0	0	0.82609	1	0.62069	2	0.66972	3	0.57357	4	0.52899	5	0.10909	6	0.59542	7	0.69492	8	0.67857	9	0.67021	10	0.575	11	0.37475	12	0.46269	13	0.52593	14	0.090909	15	0.5	16	0.97549	17	0.96682	18	-1	19	1
20	-1e30	0	0	0.81739	1	0.74138	2	0.62385	3	0.51051	4	0.48551	5	0.10909	6	0.54198	7	0.77966	8	0.64286	9	0.75532	10	0.5125	11	0.31062	12	0.66045	13	0.48148	14	0.45455	15	0.21053	16	0.97059	17	0.96209	18	-1	19	1
20	-1e30	0	0	0.69565	1	0.77586	2	0.65138	3	0.38438	4	0.4058	5	0.12727	6	0.57634	7	0.76271	8	0.67857	9	0.78191	10	0.53438	11	0.33768	12	0.65672	13	0.58519	14	0.13636	15	0.42105	16	0.88725	17	0.88626	18	-1	19	1
20	-1e30	0	0	0.74783	1	0.72414	2	0.59633	3	0.34835	4	0.38406	5	0.10909	6	0.58015	7	0.76271	8	0.67857	9	0.75	10	0.54688	11	0.33567	12	0.64179	13	0.62963	14	0.22727	15	0.10526	16	0.87745	17	0.8673	18	-1	19	1
19	-1e30	0	0	0.71304	1	0.77586	2	0.62385	3	0.45045	4	0.5	5	0.090909	6	0.56489	7	0.76271	8	0.67857	9	0.76596	10	0.52812	11	0.32265	12	0.68657	13	0.59259	14	0.22727	16	0.88725	17	0.87204	18	-1	19	1
20	-1e30	0	0	0.93043	1	0.98276	2	0.97248	3	0.53754	4	0.36957	5	0.14545	6	0.98092	7	0.44068	8	1	9	0.91489	10	0.85938	11	0.95591	12	0.86567	13	0.61481	14	0.090909	15	0.52632	16	0.88725	17	0.87204	18	-1	19	1
20	-1e30	0	0	0.75652	1	0.75862	2	0.6422	3	0.53754	4	0.54348	5	0.10909	6	0.55725	7	0.76271	8	0.67857	9	0.75	10	0.52187	11	0.32665	12	0.66418	13	0.51111	14	0.27273	15	0.026316	16	0.95098	17	0.95261	18	-1	19	1
19	-1e30	0	0	0.72174	1	0.7931	2	0.66972	3	0.41141	4	0.42754	5	0.10909	6	0.56489	7	0.76271	8	0.67857	9	0.7766	10	0.52187	11	0.32766	12	0.68284	13	0.55556	14	0.36364	16	0.90686	17	0.90521	18	-1	19	1
20	-1e30	0	0	0.81739	1	0.63793	2	0.66972	3	0.55856	4	0.51449	5	0.12727	6	0.58779	7	0.71186	8	0.67857	9	0.67553	10	0.53438	11	0.36273	12	0.49254	13	0.4963	14	0.090909	15	0.21053	16	0.96569	17	0.9763	18	-1	19	1
20	-1e30	0	0	0.71304	1	0.74138	2	0.66972	3	0.46246	4	0.47101	5	0.12727	6	0.57634	7	0.74576	8	0.67857	9	0.76064	10	0.55625	11	0.34168	12	0.59701	13	0.56296	14	0.22727	15	0.28947	16	0.90686	17	0.89573	18	-1	19	1
20	-1e30	0	0	0.74783	1	0.7931	2	0.66972	3	0.37538	4	0.41304	5	0.10909	6	0.57634	7	0.76271	8	0.67857	9	0.78191	10	0.53125	11	0.33467	12	0.70149	13	0.60741	14	0.40909	15	0.28947	16	0.88235	17	0.87204	18	-1	19	1
20	-1e30	0	0	0.72174	1	0.7069	2	0.6422	3	0.46547	4	0.47101	5	0.12727	6	0.54962	7	0.77966	8	0.67857	9	0.75	10	0.525	11	0.30962	12	0.54851	13	0.52593	14	0.18182	15	0.31579	16	0.92157	17	0.92417	18	-1	19	1
20	-1e30	0	0	0.75652	1	0.72414	2	0.69725	3	0.47748	4	0.47101	5	0.090909	6	0.5916	7	0.71186	8	0.67857	9	0.73404	10	0.575	11	0.36273	12	0.58582	13	0.56296	14	0.27273	15	0.31579	16	0.92647	17	0.91469	18	-1	19	1
20	-1e30	0	0	0.94783	1	0.94828	2	0.93578	3	0.50751	4	0.36957	5	0.10909	6	0.91985	7	0.45763	8	0.92857	9	0.87766	10	0.82812	11	0.87174	12	0.92164	13	0.62222	14	0.45455	15	0.28947	16	0.90196	17	0.8673	18	-1	19	1
18	-1e30	0	0	0.78261	1	0.65517	2	0.68807	3	0.49249	4	0.46377	5	0.12727	6	0.57634	7	0.72881	8	0.67857	9	0.69681	10	0.525	11	0.34569	12	0.51866	13	0.48889	16	0.95588	17	0.96682	18	-1	19	1
20	-1e30	0	0	0.85217	1	0.89655	2	0.78899	3	0.62162	4	0.5	5	0.090909	6	0.73282	7	0.55932	8	0.78571	9	0.85638	10	0.6625	11	0.57114	12	0.82463	13	0.55556	14	0.18182	15	0.15789	16	0.95098	17	0.92417	18	-1	19	1
20	-1e30	0	0	0.85217	1	0.68966	2	0.70642	3	0.51351	4	0.44203	5	0.10909	6	0.65649	7	0.62712	8	0.75	9	0.73936	10	0.61562	11	0.45792	12	0.52612	13	0.53333	14	0.18182	15	0.44737	16	0.97549	17	0.95261	18	-1	19	1
19	-1e30	0	0	0.81739	1	0.63793	2	0.66055	3	0.57958	4	0.52174	5	0.10909	6	0.60305	7	0.69492	8	0.67857	9	0.70745	10	0.575	11	0.38577	12	0.47388	13	0.51852	15	0.36842	16	0.98039	17	0.96682	18	-1	19	1
20	-1e30	0	0	0.73913	1	0.77586	2	0.6422	3	0.39039	4	0.42029	5	0.14545	6	0.57634	7	0.76271	8	0.67857	9	0.7766	10	0.53438	11	0.33467	12	0.69776	13	0.58519	14	0.090909	15	0.13158	16	0.88725	17	0.88152	18	-1	19	1
20	-1e30	0	0	0.74783	1	0.77586	2	0.66972	3	0.45646	4	0.45652	5	0.10909	6	0.5687	7	0.74576	8	0.67857	9	0.77128	10	0.53125	11	0.33567	12	0.65672	13	0.52593	14	0.27273	15	0.026316	16	0.92647	17	0.92891	18	-1	19	1
20	-1e30	0	0	0.71304	1	0.7069	2	0.6422	3	0.46547	4	0.46377	5	0.12727	6	0.56489	7	0.76271	8	0.67857	9	0.73404	10	0.5375	11	0.32866	12	0.56716	13	0.53333	14	0.22727	15	0.44737	16	0.91667	17	0.92417	18	-1	19	1
19	-1e30	0	0	0.78261	1	0.72414	2	0.57798	3	0.37838	4	0.39855	5	0.12727	6	0.58015	7	0.76271	8	0.67857	9	0.75532	10	0.54063	11	0.33667	12	0.64552	13	0.6	15	0.39474	16	0.88235	17	0.87204	18	-1	19	1
20	-1e30	0	0	0.88696	1	0.87931	2	0.84404	3	0.58258	4	0.43478	5	0.10909	6	0.83969	7	0.50847	8	0.89286	9	0.8617	10	0.77187	11	0.73246	12	0.77985	13	0.59259	14	0.31818	15	0.18421	16	0.92157	17	0.88152	18	-1	19	1
20	-1e30	0	0	0.98261	1	0.98276	2	1	3	0.58258	4	0.4058	5	0.10909	6	0.99237	7	0.44068	8	1	9	0.93085	10	0.9	11	0.98397	12	0.97388	13	0.62963	14	0.5	15	0.55263	16	0.89216	17	0.8673	18	-1	19	1
20	-1e30	0	0	0.75652	1	0.74138	2	0.59633	3	0.38138	4	0.4058	5	0.14545	6	0.5687	7	0.77966	8	0.67857	9	0.76064	10	0.52812	11	0.32265	12	0.63806	13	0.62963	14	0.27273	15	0.078947	16	0.88235	17	0.86256	18	-1	19	1
20	-1e30	0	0	0.71304	1	0.75862	2	0.57798	3	0.36937	4	0.3913	5	0.12727	6	0.57634	7	0.76271	8	0.67857	9	0.78191	10	0.51875	11	0.32966	12	0.6903	13	0.6	14	0.13636	15	0.10526	16	0.87745	17	0.86256	18	-1	19	1
20	-1e30	0	0	0.74783	1	0.72414	2	0.59633	3	0.37538	4	0.3913	5	0.12727	6	0.57252	7	0.76271	8	0.67857	9	0.74468	10	0.53438	11	0.32766	12	0.64179	13	0.62963	14	0.090909	15	0.21053	16	0.88235	17	0.86256	18	-1	19	1
20	-1e30	0	0	0.93043	1	0.98276	2	0.93578	3	0.55255	4	0.39855	5	0.12727	6	0.89313	7	0.47458	8	0.92857	9	0.90957	10	0.75938	11	0.82365	12	0.85448	13	0.57037	14	0.31818	15	0.28947	16	0.91667	17	0.88626	18	-1	19	1
20	-1e30	0	0	0.86087	1	0.87931	2	0.80734	3	0.56456	4	0.44928	5	0.090909	6	0.77481	7	0.54237	8	0.82143	9	0.84043	10	0.69375	11	0.62625	12	0.81716	13	0.57037	14	0.36364	15	0.68421	16	0.93627	17	0.90047	18	-1	19	1
20	-1e30	0	0	0.75652	1	0.7069	2	0.66972	3	0.47447	4	0.46377	5	0.12727	6	0.57634	7	0.74576	8	0.67857	9	0.73404	10	0.54688	11	0.34168	12	0.56716	13	0.54074	14	0.13636	15	0.21053	16	0.93137	17	0.91943	18	-1	19	1
20	-1e30	0	0	0.77391	1	0.68966	2	0.66055	3	0.46547	4	0.45652	5	0.12727	6	0.55725	7	0.76271	8	0.67857	9	0.71809	10	0.54688	11	0.32164	12	0.54104	13	0.53333	14	0.18182	15	0.26316	16	0.94118	17	0.92891	18	-1	19	1
20	-1e30	0	0	0.87826	1	0.93103	2	0.97248	3	0.56456	4	0.41304	5	0.12727	6	0.90076	7	0.47458	8	0.92857	9	0.87234	10	0.8	11	0.83467	12	0.94403	13	0.6	14	0.27273	15	0.36842	16	0.90686	17	0.87678	18	-1	19	1
19	-1e30	0	0	0.70435	1	0.81034	2	0.63303	3	0.43844	4	0.46377	5	0.10909	6	0.57634	7	0.74576	8	0.67857	9	0.78191	10	0.53438	11	0.34068	12	0.72761	13	0.55556	14	0.22727	16	0.89706	17	0.891	18	-1	19	1
20	-1e30	0	0	0.7913	1	0.77586	2	0.69725	3	0.51351	4	0.5	5	0.12727	6	0.57252	7	0.74576	8	0.67857	9	0.76596	10	0.53125	11	0.34068	12	0.66791	13	0.51111	14	0.54545	15	0.026316	16	0.95588	17	0.95261	18	-1	19	1
20	-1e30	0	0	0.73043	1	0.77586	2	0.62385	3	0.44444	4	0.46377	5	0.10909	6	0.55725	7	0.77966	8	0.67857	9	0.75532	10	0.525	11	0.31764	12	0.67164	13	0.55556	14	0.22727	15	0.026316	16	0.89706	17	0.88626	18	-1	19	1
19	-1e30	0	0	0.83478	1	0.7069	2	0.70642	3	0.53153	4	0.46377	5	0.090909	6	0.67557	7	0.61017	8	0.75	9	0.71277	10	0.64062	11	0.48597	12	0.55224	13	0.54815	15	0.10526	16	0.96078	17	0.93839	18	-1	19	1
20	-1e30	0	0	0.84348	1	0.77586	2	0.66055	3	0.56156	4	0.51449	5	0.090909	6	0.6145	7	0.67797	8	0.71429	9	0.76596	10	0.55625	11	0.3998	12	0.69403	13	0.51852	14	0.31818	15	0.18421	16	0.96078	17	0.96209	18	-1	19	1
20	-1e30	0	0	0.83478	1	0.81034	2	0.70642	3	0.61261	4	0.52174	5	0.10909	6	0.6374	7	0.64407	8	0.71429	9	0.79787	10	0.5875	11	0.42986	12	0.6791	13	0.51111	14	0.27273	15	0.42105	16	0.97549	17	0.96209	18	-1	19	1
19	-1e30	0	0	0.94783	1	0.89655	2	0.87156	3	0.56757	4	0.42029	5	0.072727	6	0.86641	7	0.49153	8	0.89286	9	0.84043	10	0.81875	11	0.77756	12	0.8097	13	0.60741	15	0.5	16	0.91667	17	0.88152	18	-1	19	1
20	-1e30	0	0	0.92174	1	0.93103	2	0.91743	3	0.68168	4	0.48551	5	0.072727	6	0.9542	7	0.45763	8	0.96429	9	0.8617	10	0.875	11	0.92485	12	0.97761	13	0.65185	14	0.22727	15	0.28947	16	0.89216	17	0.86256	18	-1	19	1
20	-1e30	0	0	0.70435	1	0.7931	2	0.65138	3	0.42342	4	0.44203	5	0.12727	6	0.58397	7	0.74576	8	0.67857	9	0.78723	10	0.55312	11	0.3477	12	0.70896	13	0.59259	14	0.045455	15	0.36842	16	0.89216	17	0.88626	18	-1	19	1
20	-1e30	0	0	0.74783	1	0.72414	2	0.59633	3	0.33934	4	0.36232	5	0.14545	6	0.58015	7	0.76271	8	0.67857	9	0.75	10	0.52812	11	0.33267	12	0.63806	13	0.62963	14	0.18182	15	0.42105	16	0.87745	17	0.8673	18	-1	19	1
20	-1e30	0	0	0.74783	1	0.81034	2	0.68807	3	0.4955	4	0.49275	5	0.10909	6	0.58779	7	0.72881	8	0.67857	9	0.7766	10	0.55	11	0.35671	12	0.70896	13	0.54815	14	0.31818	15	0.078947	16	0.92157	17	0.91943	18	-1	19	1
20	-1e30	0	0	0.93913	1	0.98276	2	0.97248	3	0.53153	4	0.36957	5	0.090909	6	0.9771	7	0.44068	8	1	9	0.90426	10	0.89062	11	0.96794	12	0.97388	13	0.64444	14	0.5	15	0.052632	16	0.89216	17	0.85782	18	-1	19	1
19	-1e30	0	0	0.77391	1	0.7069	2	0.68807	3	0.48649	4	0.47826	5	0.090909	6	0.58397	7	0.72881	8	0.67857	9	0.7234	10	0.54688	11	0.35271	12	0.57463	13	0.53333	14	0.090909	16	0.92157	17	0.92417	18	-1	19	1
20	-1e30	0	0	0.85217	1	0.65517	2	0.6422	3	0.55856	4	0.49275	5	0.10909	6	0.62595	7	0.66102	8	0.71429	9	0.7234	10	0.59062	11	0.41383	12	0.48134	13	0.52593	14	0.13636	15	0.44737	16	0.98039	17	0.96209	18	-1	19	1
20	-1e30	0	0	0.76522	1	0.68966	2	0.66972	3	0.51952	4	0.49275	5	0.12727	6	0.57252	7	0.74576	8	0.67857	9	0.72872	10	0.54375	11	0.34168	12	0.56343	13	0.51111	14	0.090909	15	0.52632	16	0.96078	17	0.94787	18	-1	19	1
20	-1e30	0	0	0.74783	1	0.77586	2	0.65138	3	0.46547	4	0.47826	5	0.12727	6	0.55725	7	0.76271	8	0.67857	9	0.76596	10	0.52187	11	0.32265	12	0.65672	13	0.53333	14	0.22727	15	0.15789	16	0.92647	17	0.92891	18	-1	19	1
20	-1e30	0	0	0.69565	1	0.74138	2	0.65138	3	0.3994	4	0.43478	5	0.12727	6	0.57252	7	0.76271	8	0.67857	9	0.7766	10	0.53125	11	0.33066	12	0.65672	13	0.6	14	0.27273	15	0.39474	16	0.88235	17	0.87204	18	-1	19	1
20	-1e30	0	0	0.77391	1	0.75862	2	0.6422	3	0.47447	4	0.46377	5	0.10909	6	0.53817	7	0.79661	8	0.64286	9	0.76064	10	0.5125	11	0.2996	12	0.64552	13	0.48889	14	0.40909	15	0.28947	16	0.94608	17	0.94313	18	-1	19	1
19	-1e30	0	0	0.83478	1	0.62069	2	0.6789	3	0.54955	4	0.50725	5	0.10909	6	0.5687	7	0.72881	8	0.67857	9	0.67553	10	0.55625	11	0.34168	12	0.47388	13	0.51111	15	0.44737	16	0.98529	17	0.97156	18	-1	19	1
20	-1e30	0	0	0.75652	1	0.74138	2	0.6422	3	0.50751	4	0.52174	5	0.12727	6	0.58015	7	0.74576	8	0.67857	9	0.77128	10	0.55312	11	0.34168	12	0.63806	13	0.56296	14	0.27273	15	0.31579	16	0.90196	17	0.88626	18	-1	19	1
20	-1e30	0	0	0.73913	1	0.77586	2	0.6422	3	0.36036	4	0.3913	5	0.12727	6	0.5687	7	0.76271	8	0.67857	9	0.77128	10	0.52812	11	0.32665	12	0.69403	13	0.6	14	0.36364	15	0.10526	16	0.88725	17	0.87204	18	-1	19	1
20	-1e30	0	0	0.86087	1	0.81034	2	0.83486	3	0.67868	4	0.53623	5	0.090909	6	0.77099	7	0.54237	8	0.82143	9	0.78723	10	0.73125	11	0.63026	12	0.69403	13	0.58519	14	0.18182	15	0.28947	16	0.94118	17	0.90521	18	-1	19	1
20	-1e30	0	0	0.73913	1	0.72414	2	0.6422	3	0.39039	4	0.4058	5	0.12727	6	0.57252	7	0.76271	8	0.67857	9	0.77128	10	0.55312	11	0.32866	12	0.64179	13	0.60741	14	0.45455	15	0.36842	16	0.88725	17	0.87678	18	-1	19	1
20	-1e30	0	0	0.88696	1	0.91379	2	0.92661	3	0.71471	4	0.52174	5	0.072727	6	0.9084	7	0.47458	8	0.92857	9	0.86702	10	0.83437	11	0.84569	12	0.90299	13	0.62963	14	0.31818	15	0.57895	16	0.90196	17	0.87204	18	-1	19	1
20	-1e30	0	0	0.87826	1	0.91379	2	0.83486	3	0.58258	4	0.47101	5	0.10909	6	0.77863	7	0.54237	8	0.82143	9	0.85638	10	0.72188	11	0.63727	12	0.79851	13	0.57778	14	0.22727	15	0.36842	16	0.94118	17	0.90995	18	-1	19	1
20	-1e30	0	0	0.7913	1	0.7931	2	0.68807	3	0.55556	4	0.54348	5	0.12727	6	0.58779	7	0.71186	8	0.67857	9	0.78191	10	0.55625	11	0.36273	12	0.71642	13	0.53333	14	0.36364	15	0.21053	16	0.94118	17	0.94313	18	-1	19	1
20	-1e30	0	0	0.82609	1	0.74138	2	0.65138	3	0.47748	4	0.46377	5	0.10909	6	0.55344	7	0.76271	8	0.67857	9	0.75	10	0.52812	11	0.32265	12	0.63806	13	0.4963	14	0.36364	15	0.10526	16	0.95588	17	0.94787	18	-1	19	1
20	-1e30	0	0	0.70435	1	0.74138	2	0.62385	3	0.41742	4	0.44928	5	0.12727	6	0.5687	7	0.77966	8	0.67857	9	0.77128	10	0.5375	11	0.32365	12	0.63806	13	0.61481	14	0.045455	15	0.36842	16	0.88235	17	0.87204	18	-1	19	1
20	-1e30	0	0	0.86957	1	0.84483	2	0.73394	3	0.61862	4	0.50725	5	0.10909	6	0.69847	7	0.59322	8	0.75	9	0.82979	10	0.64375	11	0.51804	12	0.73881	13	0.54074	14	0.13636	15	0.34211	16	0.97059	17	0.94313	18	-1	19	1
20	-1e30	0	0	0.71304	1	0.74138	2	0.65138	3	0.46246	4	0.49275	5	0.12727	6	0.57252	7	0.76271	8	0.67857	9	0.76064	10	0.53438	11	0.33066	12	0.64552	13	0.57778	14	0.31818	15	0.28947	16	0.88725	17	0.88152	18	-1	19	1
20	-1e30	0	0	0.67826	1	0.74138	2	0.6422	3	0.44144	4	0.47101	5	0.14545	6	0.56107	7	0.77966	8	0.67857	9	0.77128	10	0.52812	11	0.31964	12	0.62687	13	0.57037	14	0.045455	15	0.31579	16	0.88725	17	0.88152	18	-1	19	1
20	-1e30	0	0	0.91304	1	0.86207	2	0.85321	3	0.51952	4	0.3913	5	0.072727	6	0.84733	7	0.50847	8	0.89286	9	0.84574	10	0.79375	11	0.73647	12	0.76866	13	0.61481	14	0.18182	15	0.31579	16	0.91176	17	0.87204	18	-1	19	1
20	-1e30	0	0	0.81739	1	0.77586	2	0.81651	3	0.63964	4	0.51449	5	0.090909	6	0.70992	7	0.59322	8	0.78571	9	0.77128	10	0.6375	11	0.53407	12	0.6791	13	0.52593	14	0.18182	15	0.34211	16	0.95588	17	0.93839	18	-1	19	1
20	-1e30	0	0	0.74783	1	0.72414	2	0.58716	3	0.36637	4	0.3913	5	0.10909	6	0.56489	7	0.77966	8	0.67857	9	0.76064	10	0.53125	11	0.31964	12	0.63806	13	0.64444	14	0.045455	15	0.078947	16	0.87745	17	0.86256	18	-1	19	1
20	-1e30	0	0	0.72174	1	0.7931	2	0.65138	3	0.46847	4	0.50725	5	0.10909	6	0.57634	7	0.74576	8	0.67857	9	0.78191	10	0.54375	11	0.33868	12	0.73881	13	0.59259	14	0.13636	15	0.28947	16	0.88725	17	0.88152	18	-1	19	1
20	-1e30	0	0	0.73913	1	0.74138	2	0.6055	3	0.39039	4	0.41304	5	0.10909	6	0.57634	7	0.76271	8	0.67857	9	0.76064	10	0.54063	11	0.33367	12	0.62687	13	0.63704	14	0.18182	15	0.23684	16	0.88235	17	0.8673	18	-1	19	1
20	-1e30	0	0	0.92174	1	0.93103	2	0.9633	3	0.49249	4	0.34783	5	0.090909	6	0.94275	7	0.45763	8	0.96429	9	0.87766	10	0.84062	11	0.89279	12	0.90672	13	0.62222	14	0.54545	15	0.026316	16	0.88725	17	0.86256	18	-1	19	1
20	-1e30	0	0	0.81739	1	0.77586	2	0.66055	3	0.53754	4	0.5	5	0.10909	6	0.59542	7	0.69492	8	0.67857	9	0.76596	10	0.56563	11	0.37375	12	0.71269	13	0.51111	14	0.22727	15	0.13158	16	0.94608	17	0.93839	18	-1	19	1
20	-1e30	0	0	0.74783	1	0.74138	2	0.6422	3	0.37838	4	0.4058	5	0.10909	6	0.56489	7	0.77966	8	0.67857	9	0.77128	10	0.51875	11	0.31764	12	0.63806	13	0.63704	14	0.27273	15	0.23684	16	0.87745	17	0.86256	18	-1	19	1
20	-1e30	0	0	0.82609	1	0.81034	2	0.66972	3	0.58559	4	0.50725	5	0.12727	6	0.6374	7	0.64407	8	0.71429	9	0.80851	10	0.575	11	0.43086	12	0.6903	13	0.51111	14	0.40909	15	0.5	16	0.98039	17	0.9763	18	-1	19	1
20	-1e30	0	0	0.74783	1	0.74138	2	0.55963	3	0.35736	4	0.38406	5	0.14545	6	0.57252	7	0.77966	8	0.67857	9	0.76596	10	0.52812	11	0.32665	12	0.64179	13	0.62963	14	0.36364	15	0.21053	16	0.87745	17	0.86256	18	-1	19	1
20	-1e30	0	0	0.93043	1	0.94828	2	0.94495	3	0.5015	4	0.35507	5	0.12727	6	0.96183	7	0.45763	8	1	9	0.91489	10	0.84062	11	0.90581	12	0.89179	13	0.61481	14	0.22727	15	0.78947	16	0.87745	17	0.88152	18	-1	19	1
20	-1e30	0	0	0.94783	1	0.94828	2	0.88073	3	0.57357	4	0.41304	5	0.10909	6	0.91985	7	0.47458	8	0.92857	9	0.90426	10	0.83437	11	0.85872	12	0.90299	13	0.62963	14	0.36364	15	0.23684	16	0.90196	17	0.87204	18	-1	19	1
20	-1e30	0	0	0.8	1	0.77586	2	0.6789	3	0.56156	4	0.53623	5	0.12727	6	0.59924	7	0.69492	8	0.67857	9	0.76064	10	0.55937	11	0.37575	12	0.68284	13	0.51852	14	0.36364	15	0.15789	16	0.95588	17	0.95261	18	-1	19	1
20	-1e30	0	0	0.76522	1	0.74138	2	0.6422	3	0.53153	4	0.53623	5	0.34545	6	0.58015	7	0.74576	8	0.67857	9	0.76064	10	0.5625	11	0.34269	12	0.62687	13	0.56296	14	0.045455	15	0.23684	16	0.91176	17	0.89573	18	-1	19	1
20	-1e30	0	0	0.76522	1	0.75862	2	0.6422	3	0.45345	4	0.44203	5	0.14545	6	0.5458	7	0.77966	8	0.64286	9	0.76064	10	0.50938	11	0.31162	12	0.64552	13	0.5037	14	0.31818	15	0.21053	16	0.96078	17	0.96209	18	-1	19	1
20	-1e30	0	0	0.81739	1	0.67241	2	0.68807	3	0.55255	4	0.52174	5	0.14545	6	0.5916	7	0.71186	8	0.67857	9	0.70745	10	0.54688	11	0.36573	12	0.54104	13	0.51852	14	0.18182	15	0.13158	16	0.94118	17	0.94787	18	-1	19	1
19	-1e30	0	0	0.74783	1	0.77586	2	0.6055	3	0.37838	4	0.41304	5	0.14545	6	0.56489	7	0.77966	8	0.67857	9	0.77128	10	0.53125	11	0.32164	12	0.69403	13	0.63704	15	0.18421	16	0.87745	17	0.86256	18	-1	19	1
20	-1e30	0	0	0.93913	1	0.96552	2	0.93578	3	0.73874	4	0.54348	5	0.10909	6	0.91221	7	0.47458	8	0.92857	9	0.8883	10	0.825	11	0.85671	12	0.85075	13	0.60741	14	0.40909	15	0.34211	16	0.91176	17	0.87678	18	-1	19	1
19	-1e30	0	0	0.73913	1	0.74138	2	0.6055	3	0.36336	4	0.3913	5	0.12727	6	0.57252	7	0.77966	8	0.67857	9	0.78191	10	0.52812	11	0.32465	12	0.65299	13	0.64444	15	0.13158	16	0.87745	17	0.86256	18	-1	19	1
20	-1e30	0	0	0.85217	1	0.60345	2	0.6422	3	0.54655	4	0.49275	5	0.090909	6	0.5916	7	0.69492	8	0.67857	9	0.65957	10	0.575	11	0.37174	12	0.43657	13	0.52593	14	0.13636	15	0.57895	16	0.9902	17	0.97156	18	-1	19	1
20	-1e30	0	0	0.74783	1	0.74138	2	0.63303	3	0.36937	4	0.3913	5	0.10909	6	0.57252	7	0.77966	8	0.67857	9	0.76596	10	0.54375	11	0.32565	12	0.66045	13	0.64444	14	0.13636	15	0.18421	16	0.88235	17	0.86256	18	-1	19	1
20	-1e30	0	0	0.73913	1	0.72414	2	0.6055	3	0.36036	4	0.38406	5	0.12727	6	0.5687	7	0.76271	8	0.67857	9	0.77128	10	0.54063	11	0.32565	12	0.60821	13	0.62963	14	0.22727	15	0.10526	16	0.88235	17	0.86256	18	-1	19	1
20	-1e30	0	0	0.86957	1	0.87931	2	0.81651	3	0.5976	4	0.47101	5	0.10909	6	0.76718	7	0.54237	8	0.82143	9	0.84574	10	0.68437	11	0.62325	12	0.76493	13	0.54815	14	0.27273	15	0.18421	16	0.94608	17	0.91469	18	-1	19	1
20	-1e30	0	0	0.73043	1	0.75862	2	0.59633	3	0.38438	4	0.39855	5	0.14545	6	0.57252	7	0.77966	8	0.67857	9	0.78723	10	0.52812	11	0.32565	12	0.65672	13	0.60741	14	0.045455	15	0.28947	16	0.87745	17	0.8673	18	-1	19	1
19	-1e30	0	0	0.68696	1	0.74138	2	0.66055	3	0.42342	4	0.44928	5	0.14545	6	0.58397	7	0.74576	8	0.67857	9	0.76596	10	0.54688	11	0.34469	12	0.64925	13	0.57778	15	0.21053	16	0.89216	17	0.891	18	-1	19	1
19	-1e30	0	0	0.83478	1	0.74138	2	0.75229	3	0.48348	4	0.39855	5	0.090909	6	0.70992	7	0.57627	8	0.78571	9	0.75	10	0.67188	11	0.53507	12	0.60448	13	0.55556	15	0.15789	16	0.95588	17	0.92891	18	-1	19	1
20	-1e30	0	0	0.85217	1	0.7931	2	0.70642	3	0.5976	4	0.51449	5	0.12727	6	0.63359	7	0.66102	8	0.71429	9	0.79787	10	0.575	11	0.42285	12	0.67164	13	0.51111	14	0.59091	15	0.23684	16	0.98039	17	0.96209	18	-1	19	1
20	-1e30	0	0	0.75652	1	0.72414	2	0.55046	3	0.34835	4	0.36957	5	0.10909	6	0.57252	7	0.77966	8	0.67857	9	0.75	10	0.52812	11	0.32465	12	0.63806	13	0.62963	14	0.090909	15	0.36842	16	0.87255	17	0.86256	18	-1	19	1
20	-1e30	0	0	0.8	1	0.63793	2	0.68807	3	0.57357	4	0.51449	5	0.10909	6	0.6145	7	0.67797	8	0.71429	9	0.68085	10	0.5625	11	0.39379	12	0.50373	13	0.51111	14	0.045455	15	0.36842	16	0.95588	17	0.95735	18	-1	19	1
20	-1e30	0	0	0.72174	1	0.75862	2	0.6422	3	0.4985	4	0.5	5	0.090909	6	0.5458	7	0.77966	8	0.64286	9	0.76064	10	0.51875	11	0.30661	12	0.63433	13	0.51111	14	0.31818	15	0.15789	16	0.92157	17	0.91469	18	-1	19	1
20	-1e30	0	0	0.76522	1	0.75862	2	0.65138	3	0.4955	4	0.50725	5	0.12727	6	0.54962	7	0.77966	8	0.67857	9	0.75	10	0.52187	11	0.31263	12	0.64179	13	0.52593	14	0.18182	15	0.10526	16	0.92157	17	0.91469	18	-1	19	1
20	-1e30	0	0	0.85217	1	0.87931	2	0.77064	3	0.62162	4	0.52174	5	0.12727	6	0.70229	7	0.59322	8	0.75	9	0.85638	10	0.62187	11	0.52104	12	0.73881	13	0.53333	14	0.40909	15	0.28947	16	0.96078	17	0.94313	18	-1	19	1
20	-1e30	0	0	0.74783	1	0.75862	2	0.6422	3	0.42042	4	0.46377	5	0.10909	6	0.56489	7	0.76271	8	0.67857	9	0.77128	10	0.53125	11	0.32265	12	0.6903	13	0.60741	14	0.45455	15	0.026316	16	0.88725	17	0.8673	18	-1	19	1
20	-1e30	0	0	0.74783	1	0.75862	2	0.59633	3	0.38739	4	0.4058	5	0.10909	6	0.58015	7	0.76271	8	0.67857	9	0.79787	10	0.525	11	0.33166	12	0.66045	13	0.61481	14	0.18182	15	0.34211	16	0.87255	17	0.8673	18	-1	19	1
19	-1e30	0	0	0.84348	1	0.84483	2	0.69725	3	0.60961	4	0.52899	5	0.12727	6	0.67939	7	0.61017	8	0.75	9	0.83511	10	0.60625	11	0.48798	12	0.69403	13	0.53333	15	0.18421	16	0.96569	17	0.94787	18	-1	19	1
20	-1e30	0	0	0.73043	1	0.74138	2	0.69725	3	0.54054	4	0.54348	5	0.12727	6	0.5916	7	0.72881	8	0.67857	9	0.76064	10	0.5625	11	0.35972	12	0.64552	13	0.57037	14	0.22727	15	0.31579	16	0.90686	17	0.90047	18	-1	19	1
20	-1e30	0	0	0.82609	1	0.74138	2	0.76147	3	0.59459	4	0.5	5	0.10909	6	0.67557	7	0.61017	8	0.75	9	0.73936	10	0.59062	11	0.48497	12	0.60821	13	0.5037	14	0.27273	15	0.10526	16	0.96078	17	0.93839	18	-1	19	1
20	-1e30	0	0	0.78261	1	0.65517	2	0.72477	3	0.55556	4	0.5	5	0.10909	6	0.61069	7	0.67797	8	0.71429	9	0.69149	10	0.55625	11	0.39379	12	0.49627	13	0.48889	14	0.090909	15	0.36842	16	0.97059	17	0.97156	18	-1	19	1
19	-1e30	0	0	0.73043	1	0.72414	2	0.69725	3	0.46847	4	0.46377	5	0.12727	6	0.57634	7	0.74576	8	0.67857	9	0.76064	10	0.55937	11	0.33968	12	0.58582	13	0.55556	15	0.52632	16	0.91667	17	0.91469	18	-1	19	1
20	-1e30	0	0	0.73913	1	0.75862	2	0.6055	3	0.37538	4	0.42029	5	0.10909	6	0.56489	7	0.76271	8	0.67857	9	0.77128	10	0.53125	11	0.32365	12	0.6903	13	0.62222	14	0.36364	15	0.026316	16	0.88235	17	0.8673	18	-1	19	1
19	-1e30	0	0	0.84348	1	0.81034	2	0.80734	3	0.54955	4	0.43478	5	0.12727	6	0.75191	7	0.55932	8	0.82143	9	0.78723	10	0.66875	11	0.59719	12	0.75	13	0.54815	14	0.36364	16	0.94118	17	0.90521	18	-1	19	1
20	-1e30	0	0	0.71304	1	0.74138	2	0.66972	3	0.47447	4	0.49275	5	0.12727	6	0.57634	7	0.74576	8	0.67857	9	0.77128	10	0.56563	11	0.33768	12	0.64552	13	0.59259	14	0.090909	15	0.44737	16	0.89706	17	0.891	18	-1	19	1
20	-1e30	0	0	0.91304	1	0.87931	2	0.73394	3	0.62162	4	0.51449	5	0.10909	6	0.74427	7	0.55932	8	0.78571	9	0.84574	10	0.66875	11	0.58016	12	0.70149	13	0.55556	14	0.27273	15	0.52632	16	0.95098	17	0.91943	18	-1	19	1
20	-1e30	0	0	0.74783	1	0.77586	2	0.6422	3	0.36637	4	0.4058	5	0.12727	6	0.56489	7	0.76271	8	0.67857	9	0.76596	10	0.53125	11	0.32465	12	0.69403	13	0.62222	14	0.40909	15	0.13158	16	0.88235	17	0.8673	18	-1	19	1
20	-1e30	0	0	0.77391	1	0.7069	2	0.69725	3	0.54955	4	0.52899	5	0.12727	6	0.59924	7	0.71186	8	0.67857	9	0.7234	10	0.56563	11	0.37375	12	0.5709	13	0.54815	14	0.36364	15	0.31579	16	0.93627	17	0.92417	18	-1	19	1
20	-1e30	0	0	0.83478	1	0.7931	2	0.6422	3	0.58258	4	0.50725	5	0.10909	6	0.6374	7	0.66102	8	0.71429	9	0.78723	10	0.57188	11	0.42786	12	0.63806	13	0.51111	14	0.77273	15	0.26316	16	0.98039	17	0.96209	18	-1	19	1
20	-1e30	0	0	0.95652	1	0.96552	2	1	3	0.5976	4	0.41304	5	0.090909	6	0.95802	7	0.45763	8	0.96429	9	0.89894	10	0.85	11	0.92986	12	1	13	0.60741	14	0.5	15	0.26316	16	0.89706	17	0.8673	18	-1	19	1
20	-1e30	0	0	0.86087	1	0.65517	2	0.6789	3	0.55255	4	0.47826	5	0.10909	6	0.62595	7	0.66102	8	0.71429	9	0.69681	10	0.60313	11	0.41483	12	0.51119	13	0.52593	14	0.090909	15	0.57895	16	0.98039	17	0.95735	18	-1	19	1
20	-1e30	0	0	0.73913	1	0.72414	2	0.6055	3	0.36036	4	0.38406	5	0.12727	6	0.5687	7	0.77966	8	0.67857	9	0.76064	10	0.52812	11	0.32164	12	0.59701	13	0.62963	14	0.45455	15	0.18421	16	0.88235	17	0.86256	18	-1	19	1
20	-1e30	0	0	0.92174	1	0.98276	2	0.98165	3	0.70571	4	0.48551	5	0.10909	6	1	7	0.44068	8	1	9	0.90957	10	0.89062	11	0.98898	12	0.97015	13	0.63704	14	0.40909	15	0.81579	16	0.88235	17	0.87204	18	-1	19	1
20	-1e30	0	0	0.74783	1	0.77586	2	0.65138	3	0.51051	4	0.50725	5	0.10909	6	0.55725	7	0.76271	8	0.67857	9	0.7766	10	0.5375	11	0.32164	12	0.70522	13	0.52593	14	0.45455	15	0.21053	16	0.91667	17	0.90521	18	-1	19	1
19	-1e30	0	0	0.8	1	0.63793	2	0.68807	3	0.55255	4	0.50725	5	0.10909	6	0.58779	7	0.71186	8	0.67857	9	0.69681	10	0.575	11	0.36373	12	0.47388	13	0.52593	15	0.10526	16	0.97059	17	0.95735	18	-1	19	1
20	-1e30	0	0	0.72174	1	0.72414	2	0.65138	3	0.45646	4	0.46377	5	0.12727	6	0.5687	7	0.76271	8	0.67857	9	0.75532	10	0.5375	11	0.33166	12	0.58955	13	0.54815	14	0.090909	15	0.052632	16	0.90196	17	0.90047	18	-1	19	1
20	-1e30	0	0	0.88696	1	0.93103	2	0.89908	3	0.6036	4	0.44203	5	0.10909	6	0.85878	7	0.49153	8	0.89286	9	0.87766	10	0.76875	11	0.76754	12	0.86194	13	0.58519	14	0.40909	15	0.36842	16	0.92157	17	0.88626	18	-1	19	1
20	-1e30	0	0	0.81739	1	0.75862	2	0.6422	3	0.55856	4	0.52174	5	0.14545	6	0.58397	7	0.71186	8	0.67857	9	0.76596	10	0.53438	11	0.36172	12	0.66418	13	0.4963	14	0.31818	15	0.052632	16	0.97549	17	0.9763	18	-1	19	1
20	-1e30	0	0	0.83478	1	0.7931	2	0.6789	3	0.60661	4	0.53623	5	0.090909	6	0.62214	7	0.66102	8	0.71429	9	0.79255	10	0.57812	11	0.40882	12	0.71269	13	0.51852	14	0.31818	15	0.21053	16	0.96078	17	0.94787	18	-1	19	1
20	-1e30	0	0	0.83478	1	0.75862	2	0.62385	3	0.57057	4	0.50725	5	0.12727	6	0.5916	7	0.69492	8	0.67857	9	0.77128	10	0.55937	11	0.37275	12	0.6194	13	0.4963	14	0.22727	15	0.18421	16	0.9902	17	0.9763	18	-1	19	1
20	-1e30	0	0	0.89565	1	0.89655	2	0.94495	3	0.51051	4	0.37681	5	0.12727	6	0.90076	7	0.47458	8	0.92857	9	0.85106	10	0.79375	11	0.81764	12	0.93284	13	0.60741	14	0.13636	15	0.60526	16	0.89706	17	0.87204	18	-1	19	1
20	-1e30	0	0	0.9913	1	0.98276	2	0.93578	3	0.54354	4	0.37681	5	0.10909	6	0.98092	7	0.44068	8	1	9	0.89894	10	0.89687	11	0.96994	12	0.97388	13	0.62963	14	0.090909	15	0.55263	16	0.89216	17	0.87204	18	-1	19	1
20	-1e30	0	0	0.91304	1	0.87931	2	0.85321	3	0.48048	4	0.36957	5	0.12727	6	0.82824	7	0.50847	8	0.85714	9	0.87766	10	0.75	11	0.70441	12	0.77612	13	0.6	14	0.40909	15	0.65789	16	0.92157	17	0.891	18	-1	19	1
20	-1e30	0	0	0.86957	1	0.86207	2	0.89908	3	0.61261	4	0.45652	5	0.10909	6	0.83206	7	0.50847	8	0.85714	9	0.82979	10	0.725	11	0.72044	12	0.79478	13	0.57037	14	0.36364	15	0.18421	16	0.92647	17	0.89573	18	-1	19	1
20	-1e30	0	0	0.75652	1	0.67241	2	0.6789	3	0.4955	4	0.47826	5	0.10909	6	0.55344	7	0.76271	8	0.67857	9	0.71277	10	0.54063	11	0.31864	12	0.51866	13	0.51852	14	0.13636	15	0.55263	16	0.95588	17	0.94787	18	-1	19	1
20	-1e30	0	0	0.73913	1	0.74138	2	0.63303	3	0.42342	4	0.44928	5	0.12727	6	0.58015	7	0.74576	8	0.67857	9	0.77128	10	0.55625	11	0.34168	12	0.66791	13	0.62222	14	0.045455	15	0.10526	16	0.88725	17	0.87204	18	-1	19	1
20	-1e30	0	0	0.69565	1	0.74138	2	0.62385	3	0.36937	4	0.38406	5	0.12727	6	0.57252	7	0.77966	8	0.67857	9	0.78191	10	0.52812	11	0.32766	12	0.65672	13	0.6	14	0.31818	15	0.36842	16	0.87745	17	0.87204	18	-1	19	1
20	-1e30	0	0	0.87826	1	0.82759	2	0.98165	3	0.66667	4	0.49275	5	0.18182	6	0.79389	7	0.54237	8	0.85714	9	0.81915	10	0.725	11	0.64228	12	0.76119	13	0.51852	14	0.22727	15	1	16	0.93137	17	0.95735	18	-1	19	1
20	-1e30	0	0	0.75652	1	0.65517	2	0.77982	3	0.53153	4	0.44203	5	0.14545	6	0.62595	7	0.67797	8	0.71429	9	0.68617	10	0.58125	11	0.40281	12	0.48507	13	0.46667	14	0.045455	15	0.65789	16	0.97059	17	0.97156	18	-1	19	1
20	-1e30	0	0	0.82609	1	0.82759	2	0.95413	3	0.64264	4	0.48551	5	0.16364	6	0.78244	7	0.54237	8	0.82143	9	0.80319	10	0.70937	11	0.62926	12	0.75373	13	0.54815	14	0.22727	15	0.23684	16	0.91176	17	0.91469	18	-1	19	1
20	-1e30	0	0	0.85217	1	0.94828	2	0.92661	3	0.68468	4	0.50725	5	0.16364	6	0.80153	7	0.52542	8	0.85714	9	0.89362	10	0.7375	11	0.66232	12	0.91418	13	0.53333	14	0.045455	15	0.15789	16	0.92157	17	0.93365	18	-1	19	1
20	-1e30	0	0	0.89565	1	0.86207	2	0.89908	3	0.63664	4	0.45652	5	0.16364	6	0.73664	7	0.57627	8	0.78571	9	0.85638	10	0.66875	11	0.56814	12	0.6903	13	0.47407	14	0.22727	15	0.13158	16	0.97059	17	0.96682	18	-1	19	1
20	-1e30	0	0	0.85217	1	0.77586	2	0.69725	3	0.4985	4	0.43478	5	0.12727	6	0.59924	7	0.71186	8	0.71429	9	0.78723	10	0.575	11	0.37174	12	0.69403	13	0.51111	14	0.59091	15	0.26316	16	0.93137	17	0.92891	18	-1	19	1
20	-1e30	0	0	0.86957	1	0.62069	2	0.66972	3	0.5976	4	0.52899	5	0.10909	6	0.61832	7	0.67797	8	0.71429	9	0.67553	10	0.59062	11	0.4018	12	0.46642	13	0.53333	14	0.27273	15	0.5	16	0.98039	17	0.96682	18	-1	19	1
20	-1e30	0	0	0.70435	1	0.77586	2	0.62385	3	0.41141	4	0.43478	5	0.12727	6	0.58015	7	0.76271	8	0.67857	9	0.80319	10	0.52187	11	0.33367	12	0.66791	13	0.6	14	0.13636	15	0.34211	16	0.87745	17	0.8673	18	-1	19	1
20	-1e30	0	0	0.73043	1	0.74138	2	0.6422	3	0.36937	4	0.3913	5	0.14545	6	0.57634	7	0.76271	8	0.67857	9	0.7766	10	0.54063	11	0.33267	12	0.65672	13	0.6	14	0.045455	15	0.31579	16	0.88725	17	0.87204	18	-1	19	1
20	-1e30	0	0	0.76522	1	0.67241	2	0.6422	3	0.4985	4	0.47826	5	0.12727	6	0.56489	7	0.74576	8	0.67857	9	0.71277	10	0.52187	11	0.33267	12	0.53358	13	0.51111	14	0.22727	15	0.34211	16	0.94608	17	0.95261	18	-1	19	1
20	-1e30	0	0	0.69565	1	0.75862	2	0.62385	3	0.36036	4	0.38406	5	0.14545	6	0.57634	7	0.76271	8	0.67857	9	0.7766	10	0.53125	11	0.33367	12	0.70896	13	0.59259	14	0.18182	15	0.42105	16	0.88235	17	0.87678	18	-1	19	1
20	-1e30	0	0	0.75652	1	0.72414	2	0.6422	3	0.41742	4	0.42754	5	0.12727	6	0.5687	7	0.76271	8	0.67857	9	0.75532	10	0.55312	11	0.32766	12	0.58209	13	0.57778	14	0.27273	15	0.23684	16	0.90686	17	0.891	18	-1	19	1
20	-1e30	0	0	0.92174	1	0.91379	2	0.89908	3	0.46246	4	0.34058	5	0.072727	6	0.90458	7	0.47458	8	0.92857	9	0.87234	10	0.82188	11	0.83968	12	0.82836	13	0.60741	14	0.18182	15	0.44737	16	0.90686	17	0.87204	18	-1	19	1
20	-1e30	0	0	0.73913	1	0.74138	2	0.6055	3	0.36937	4	0.4058	5	0.10909	6	0.56489	7	0.77966	8	0.67857	9	0.77128	10	0.51875	11	0.31964	12	0.63806	13	0.62963	14	0.27273	15	0.28947	16	0.87745	17	0.86256	18	-1	19	1
20	-1e30	0	0	0.73913	1	0.74138	2	0.6055	3	0.36036	4	0.3913	5	0.090909	6	0.56489	7	0.77966	8	0.67857	9	0.77128	10	0.525	11	0.32064	12	0.64925	13	0.64444	14	0.36364	15	0.052632	16	0.87745	17	0.85782	18	-1	19	1
20	-1e30	0	0	0.85217	1	0.7931	2	0.80734	3	0.57357	4	0.45652	5	0.10909	6	0.73282	7	0.57627	8	0.78571	9	0.78191	10	0.67188	11	0.56413	12	0.64925	13	0.54074	14	0.090909	15	0.68421	16	0.95098	17	0.93365	18	-1	19	1
20	-1e30	0	0	0.75652	1	0.7069	2	0.69725	3	0.4955	4	0.48551	5	0.12727	6	0.56489	7	0.76271	8	0.67857	9	0.74468	10	0.53438	11	0.32766	12	0.56716	13	0.53333	14	0.31818	15	0.34211	16	0.92157	17	0.92417	18	-1	19	1
20	-1e30	0	0	0.8	1	0.67241	2	0.69725	3	0.54054	4	0.51449	5	0.10909	6	0.58015	7	0.72881	8	0.67857	9	0.69681	10	0.55937	11	0.3507	12	0.53358	13	0.53333	14	0.27273	15	0.36842	16	0.95588	17	0.94787	18	-1	19	1
20	-1e30	0	0	0.8087	1	0.81034	2	0.77064	3	0.61562	4	0.51449	5	0.12727	6	0.67176	7	0.61017	8	0.75	9	0.80851	10	0.59375	11	0.47695	12	0.75	13	0.51852	14	0.31818	15	0.5	16	0.97059	17	0.95261	18	-1	19	1
20	-1e30	0	0	0.70435	1	0.74138	2	0.62385	3	0.44444	4	0.46377	5	0.12727	6	0.57252	7	0.76271	8	0.67857	9	0.76596	10	0.54688	11	0.33066	12	0.63806	13	0.59259	14	0.045455	15	0.052632	16	0.89216	17	0.87678	18	-1	19	1
20	-1e30	0	0	0.72174	1	0.7931	2	0.62385	3	0.41742	4	0.42754	5	0.10909	6	0.57252	7	0.74576	8	0.67857	9	0.7766	10	0.5375	11	0.33667	12	0.68284	13	0.54815	14	0.22727	15	0.078947	16	0.90686	17	0.90521	18	-1	19	1
20	-1e30	0	0	0.85217	1	0.65517	2	0.66055	3	0.57658	4	0.5	5	0.090909	6	0.63359	7	0.64407	8	0.71429	9	0.69681	10	0.59062	11	0.42786	12	0.51493	13	0.51852	14	0.045455	15	0.078947	16	0.98039	17	0.95735	18	-1	19	1
20	-1e30	0	0	0.73913	1	0.74138	2	0.6055	3	0.36937	4	0.39855	5	0.12727	6	0.57252	7	0.76271	8	0.67857	9	0.7766	10	0.5375	11	0.32665	12	0.64552	13	0.61481	14	0.18182	15	0.39474	16	0.88235	17	0.8673	18	-1	19	1
20	-1e30	0	0	0.70435	1	0.77586	2	0.62385	3	0.46246	4	0.5	5	0.4	6	0.57634	7	0.76271	8	0.67857	9	0.78191	10	0.58125	11	0.33567	12	0.69403	13	0.65185	14	0.045455	15	0.26316	16	0.88235	17	0.87678	18	-1	19	1
20	-1e30	0	0	0.92174	1	0.94828	2	0.88073	3	0.58859	4	0.43478	5	0.21818	6	0.84351	7	0.50847	8	0.89286	9	0.92021	10	0.70312	11	0.71844	12	0.79851	13	0.53333	14	0.40909	15	0.34211	16	0.91176	17	0.92891	18	-1	19	1
19	-1e30	0	0	0.74783	1	0.67241	2	0.77064	3	0.44745	4	0.41304	5	0.14545	6	0.59542	7	0.72881	8	0.71429	9	0.70745	10	0.57812	11	0.35872	12	0.58582	13	0.54815	15	0.60526	16	0.89706	17	0.90047	18	-1	19	1
19	-1e30	0	0	0.82609	1	0.84483	2	0.84404	3	0.57958	4	0.44928	5	0.18182	6	0.67939	7	0.62712	8	0.75	9	0.81915	10	0.625	11	0.47896	12	0.63806	13	0.47407	14	0.090909	16	0.97059	17	0.9763	18	-1	19	1
20	-1e30	0	0	0.86087	1	0.98276	2	0.91743	3	0.53153	4	0.3913	5	0.23636	6	0.85496	7	0.50847	8	0.89286	9	1	10	0.69688	11	0.72745	12	0.79478	13	0.53333	14	0.18182	15	0.18421	16	0.90686	17	0.93839	18	-1	19	1
20	-1e30	0	0	0.8087	1	0.58621	2	0.6055	3	0.42042	4	0.4058	5	0.12727	6	0.49618	7	0.86441	8	0.64286	9	0.6383	10	0.47187	11	0.2515	12	0.42537	13	0.45926	14	0.22727	15	0.76316	16	0.98529	17	0.98104	18	-1	19	1
20	-1e30	0	0	0.73913	1	0.62069	2	0.66055	3	0.38138	4	0.4058	5	0.12727	6	0.48473	7	0.91525	8	0.64286	9	0.66489	10	0.45	11	0.23347	12	0.45896	13	0.51852	14	0.13636	15	0.78947	16	0.90196	17	0.91943	18	-1	19	1
20	-1e30	0	0	0.89565	1	0.82759	2	0.88073	3	0.6967	4	0.51449	5	0.18182	6	0.78244	7	0.54237	8	0.82143	9	0.81383	10	0.70625	11	0.63427	12	0.73507	13	0.52593	14	0.090909	15	0.39474	16	0.92157	17	0.92891	18	-1	19	1
20	-1e30	0	0	0.87826	1	0.94828	2	0.98165	3	0.6006	4	0.44203	5	0.2	6	0.85878	7	0.50847	8	0.89286	9	0.94681	10	0.7125	11	0.73146	12	0.76119	13	0.54815	14	0.36364	15	0.92105	16	0.91667	17	0.95261	18	-1	19	1
20	-1e30	0	0	0.74783	1	0.63793	2	0.70642	3	0.43243	4	0.3913	5	0.12727	6	0.58779	7	0.72881	8	0.67857	9	0.67553	10	0.55937	11	0.35271	12	0.54104	13	0.52593	14	0.63636	15	0.34211	16	0.91176	17	0.90521	18	-1	19	1
19	-1e30	0	0	0.78261	1	0.7069	2	0.7156	3	0.43544	4	0.39855	5	0.12727	6	0.52672	7	0.81356	8	0.64286	9	0.73404	10	0.50313	11	0.28457	12	0.58955	13	0.4963	15	0.026316	16	0.94118	17	0.93365	18	-1	19	1
20	-1e30	0	0	-0.82609	1	-0.82759	2	-0.76147	3	-0.53453	4	-0.52174	5	-0.18182	6	-0.61832	7	-0.71186	8	-0.71429	9	-0.84574	10	-0.55	11	-0.37976	12	-0.68657	13	-0.51852	14	-0.27273	15	-0.42105	16	-0.91667	17	-0.93365	18	1	19	1
20	-1e30	0	0	-0.7913	1	-0.7069	2	-0.77064	3	-0.42342	4	-0.41304	5	-0.16364	6	-0.5687	7	-0.76271	8	-0.67857	9	-0.76064	10	-0.53125	11	-0.33066	12	-0.58955	13	-0.53333	14	-0.40909	15	-0.36842	16	-0.92647	17	-0.94313	18	1	19	1
20	-1e30	0	0	-0.8087	1	-0.7069	2	-0.75229	3	-0.47748	4	-0.45652	5	-0.16364	6	-0.54962	7	-0.77966	8	-0.67857	9	-0.76064	10	-0.5	11	-0.30962	12	-0.47388	13	-0.46667	14	-0.27273	15	-0.26316	16	-0.97549	17	-0.98104	18	1	19	1
20	-1e30	0	0	-0.78261	1	-0.74138	2	-0.6055	3	-0.47147	4	-0.47101	5	-0.16364	6	-0.5229	7	-0.81356	8	-0.64286	9	-0.7766	10	-0.50625	11	-0.28156	12	-0.61194	13	-0.4963	14	-0.13636	15	-0.078947	16	-0.94608	17	-0.95735	18	1	19	1
20	-1e30	0	0	-0.74783	1	-0.58621	2	-0.56881	3	-0.42042	4	-0.44203	5	-0.12727	6	-0.46565	7	-0.91525	8	-0.60714	9	-0.67553	10	-0.44062	11	-0.22345	12	-0.41791	13	-0.47407	14	-0.090909	15	-0.36842	16	-0.98039	17	-0.98578	18	1	19	1
20	-1e30	0	0	-0.74783	1	-0.62069	2	-0.6422	3	-0.42943	4	-0.44203	5	-0.16364	6	-0.50763	7	-0.84746	8	-0.64286	9	-0.69149	10	-0.47813	11	-0.26653	12	-0.47388	13	-0.48889	14	-0.090909	15	-0.26316	16	-0.95098	17	-0.95735	18	1	19	1
20	-1e30	0	0	-0.77391	1	-0.72414	2	-0.77982	3	-0.43243	4	-0.42029	5	-0.18182	6	-0.58015	7	-0.74576	8	-0.67857	9	-0.76596	10	-0.54063	11	-0.34569	12	-0.60075	13	-0.53333	14	-0.36364	15	-0.34211	16	-0.91667	17	-0.93365	18	1	19	1
20	-1e30	0	0	-0.77391	1	-0.62069	2	-0.46789	3	-0.32733	4	-0.37681	5	-0.10909	6	-0.45038	7	-0.9661	8	-0.60714	9	-0.68617	10	-0.42812	11	-0.20641	12	-0.46642	13	-0.59259	14	-0.090909	15	-0.36842	16	-0.88725	17	-0.87678	18	1	19	1
20	-1e30	0	0	-0.73043	1	-0.63793	2	-0.48624	3	-0.36336	4	-0.42754	5	-0.090909	6	-0.46947	7	-0.9322	8	-0.60714	9	-0.66489	10	-0.44062	11	-0.22144	12	-0.49627	13	-0.60741	14	-0.31818	15	-0.026316	16	-0.87745	17	-0.8673	18	1	19	1
20	-1e30	0	0	-0.73913	1	-0.77586	2	-0.73394	3	-0.46246	4	-0.46377	5	-0.16364	6	-0.56107	7	-0.76271	8	-0.67857	9	-0.78723	10	-0.52812	11	-0.32465	12	-0.64925	13	-0.52593	14	-0.045455	15	-0.10526	16	-0.92157	17	-0.94313	18	1	19	1
20	-1e30	0	0	-0.77391	1	-0.74138	2	-0.77982	3	-0.48048	4	-0.46377	5	-0.2	6	-0.5916	7	-0.72881	8	-0.67857	9	-0.80319	10	-0.54063	11	-0.35671	12	-0.64925	13	-0.53333	14	-0.22727	15	-0.23684	16	-0.90686	17	-0.92891	18	1	19	1
20	-1e30	0	0	-0.86957	1	-0.7931	2	-0.82569	3	-0.51652	4	-0.48551	5	-0.16364	6	-0.59924	7	-0.72881	8	-0.71429	9	-0.79787	10	-0.53125	11	-0.36373	12	-0.68657	13	-0.4963	14	-0.77273	15	-0.18421	16	-0.94118	17	-0.94787	18	1	19	1
19	-1e30	0	0	-0.78261	1	-0.82759	2	-0.78899	3	-0.91892	4	-0.91304	5	-0.89091	6	-0.58397	7	-0.74576	8	-0.67857	9	-0.82979	10	-0.85	11	-0.34669	12	-0.74627	13	-0.87407	15	-0.39474	16	-0.90686	17	-0.91943	18	1	19	1
20	-1e30	0	0	-0.76522	1	-0.63793	2	-0.46789	3	-0.31532	4	-0.37681	5	-0.090909	6	-0.4542	7	-0.9661	8	-0.60714	9	-0.68085	10	-0.42188	11	-0.20741	12	-0.46642	13	-0.63704	14	-0.36364	15	-0.42105	16	-0.87745	17	-0.8673	18	1	19	1
20	-1e30	0	0	-0.81739	1	-0.84483	2	-0.79817	3	-0.41141	4	-0.3913	5	-0.2	6	-0.60305	7	-0.72881	8	-0.71429	9	-0.8617	10	-0.55625	11	-0.36673	12	-0.69403	13	-0.55556	14	-0.22727	15	-0.13158	16	-0.89706	17	-0.91943	18	1	19	1
20	-1e30	0	0	-0.8087	1	-0.7931	2	-0.75229	3	-0.43544	4	-0.42029	5	-0.2	6	-0.60687	7	-0.72881	8	-0.71429	9	-0.85106	10	-0.5625	11	-0.37174	12	-0.70522	13	-0.57037	14	-0.090909	15	-0.10526	16	-0.89706	17	-0.91943	18	1	19	1
20	-1e30	0	0	-0.7913	1	-0.74138	2	-0.6422	3	-0.3994	4	-0.39855	5	-0.14545	6	-0.49618	7	-0.86441	8	-0.64286	9	-0.7766	10	-0.49688	11	-0.25351	12	-0.58209	13	-0.51852	14	-0.045455	15	-0.21053	16	-0.93137	17	-0.91943	18	1	19	1
20	-1e30	0	0	-0.77391	1	-0.81034	2	-0.74312	3	-0.44144	4	-0.46377	5	-0.2	6	-0.59542	7	-0.74576	8	-0.71429	9	-0.86702	10	-0.53125	11	-0.35271	12	-0.70149	13	-0.56296	14	-0.27273	15	-0.34211	16	-0.90196	17	-0.91469	18	1	19	1
20	-1e30	0	0	-0.81739	1	-0.62069	2	-0.6055	3	-0.45345	4	-0.44203	5	-0.14545	6	-0.50763	7	-0.84746	8	-0.64286	9	-0.71809	10	-0.48125	11	-0.26553	12	-0.44403	13	-0.45926	14	-0.40909	15	-0.078947	16	-0.98529	17	-0.98578	18	1	19	1
20	-1e30	0	0	-0.77391	1	-0.81034	2	-0.77064	3	-0.3994	4	-0.39855	5	-0.2	6	-0.59924	7	-0.74576	8	-0.71429	9	-0.85106	10	-0.52812	11	-0.35471	12	-0.65672	13	-0.54815	14	-0.22727	15	-0.23684	16	-0.89216	17	-0.90995	18	1	19	1
20	-1e30	0	0	-0.73913	1	-0.67241	2	-0.62385	3	-0.35736	4	-0.37681	5	-0.090909	6	-0.48855	7	-0.89831	8	-0.64286	9	-0.71809	10	-0.4625	11	-0.24148	12	-0.52985	13	-0.55556	14	-0.36364	15	-0.21053	16	-0.89216	17	-0.88626	18	1	19	1
20	-1e30	0	0	-0.83478	1	-0.68966	2	-0.6422	3	-0.36036	4	-0.36232	5	-0.14545	6	-0.5229	7	-0.84746	8	-0.64286	9	-0.75	10	-0.50625	11	-0.26954	12	-0.51866	13	-0.59259	14	-0.45455	15	-0.34211	16	-0.89706	17	-0.8673	18	1	19	1
20	-1e30	0	0	-0.74783	1	-0.75862	2	-0.7156	3	-0.49249	4	-0.49275	5	-0.16364	6	-0.54198	7	-0.77966	8	-0.64286	9	-0.78191	10	-0.525	11	-0.30561	12	-0.63806	13	-0.51852	14	-0.045455	15	-0.28947	16	-0.93137	17	-0.95261	18	1	19	1
20	-1e30	0	0	-0.77391	1	-0.72414	2	-0.81651	3	-0.44144	4	-0.44203	5	-0.2	6	-0.57634	7	-0.74576	8	-0.67857	9	-0.77128	10	-0.53125	11	-0.33868	12	-0.60821	13	-0.53333	14	-0.5	15	-0.60526	16	-0.91667	17	-0.94313	18	1	19	1
20	-1e30	0	0	-0.81739	1	-0.62069	2	-0.62385	3	-0.38138	4	-0.3913	5	-0.12727	6	-0.48473	7	-0.88136	8	-0.64286	9	-0.70213	10	-0.48438	11	-0.24248	12	-0.43284	13	-0.48889	14	-0.045455	15	-0.052632	16	-0.95588	17	-0.92891	18	1	19	1
20	-1e30	0	0	-0.77391	1	-0.7069	2	-0.77064	3	-0.42342	4	-0.42029	5	-0.16364	6	-0.5687	7	-0.76271	8	-0.67857	9	-0.77128	10	-0.5375	11	-0.33066	12	-0.60448	13	-0.53333	14	-0.18182	15	-0.47368	16	-0.92157	17	-0.94787	18	1	19	1
20	-1e30	0	0	-0.74783	1	-0.63793	2	-0.55046	3	-0.34535	4	-0.3913	5	-0.090909	6	-0.4542	7	-0.94915	8	-0.60714	9	-0.70213	10	-0.44062	11	-0.20942	12	-0.48134	13	-0.53333	14	-0.090909	15	-0.21053	16	-0.91176	17	-0.90047	18	1	19	1
20	-1e30	0	0	-0.81739	1	-0.82759	2	-0.79817	3	-0.48649	4	-0.46377	5	-0.18182	6	-0.59924	7	-0.72881	8	-0.71429	9	-0.85638	10	-0.55937	11	-0.36373	12	-0.69403	13	-0.55556	14	-0.18182	15	-0.39474	16	-0.90196	17	-0.92417	18	1	19	1
20	-1e30	0	0	-0.82609	1	-0.72414	2	-0.77982	3	-0.52252	4	-0.47826	5	-0.16364	6	-0.58397	7	-0.74576	8	-0.67857	9	-0.76596	10	-0.525	11	-0.3477	12	-0.5597	13	-0.48148	14	-0.5	15	-0.13158	16	-0.96078	17	-0.96682	18	1	19	1
20	-1e30	0	0	-0.81739	1	-0.72414	2	-0.62385	3	-0.45045	4	-0.46377	5	-0.12727	6	-0.48855	7	-0.88136	8	-0.64286	9	-0.76064	10	-0.48125	11	-0.24649	12	-0.59328	13	-0.51111	14	-0.63636	15	-0.13158	16	-0.94118	17	-0.92891	18	1	19	1
20	-1e30	0	0	-0.8	1	-0.65517	2	-0.55046	3	-0.39039	4	-0.44928	5	-0.090909	6	-0.43511	7	-0.98305	8	-0.60714	9	-0.70213	10	-0.42188	11	-0.19439	12	-0.51119	13	-0.53333	14	-0.63636	15	-0.13158	16	-0.93137	17	-0.91943	18	1	19	1
19	-1e30	0	0	-0.77391	1	-0.68966	2	-0.70642	3	-0.47748	4	-0.47101	5	-0.16364	6	-0.54962	7	-0.77966	8	-0.67857	9	-0.75	10	-0.525	11	-0.31463	12	-0.53358	13	-0.51852	15	-0.13158	16	-0.93137	17	-0.94787	18	1	19	1
20	-1e30	0	0	-0.81739	1	-0.82759	2	-0.76147	3	-0.48649	4	-0.46377	5	-0.18182	6	-0.59542	7	-0.72881	8	-0.67857	9	-0.81383	10	-0.55312	11	-0.35772	12	-0.69776	13	-0.54815	14	-0.18182	15	-0.36842	16	-0.90686	17	-0.92891	18	1	19	1
20	-1e30	0	0	-0.8087	1	-0.74138	2	-0.77982	3	-0.3994	4	-0.3913	5	-0.18182	6	-0.5916	7	-0.74576	8	-0.67857	9	-0.81383	10	-0.54375	11	-0.3517	12	-0.61567	13	-0.55556	14	-0.54545	15	-0.34211	16	-0.90196	17	-0.92891	18	1	19	1
20	-1e30	0	0	-0.82609	1	-0.81034	2	-0.80734	3	-0.48649	4	-0.46377	5	-0.2	6	-0.60687	7	-0.72881	8	-0.71429	9	-0.83511	10	-0.55	11	-0.37174	12	-0.6903	13	-0.52593	14	-0.54545	15	-0.34211	16	-0.92647	17	-0.93839	18	1	19	1
20	-1e30	0	0	-0.78261	1	-0.82759	2	-0.7156	3	-0.42643	4	-0.42754	5	-0.2	6	-0.61069	7	-0.72881	8	-0.71429	9	-0.85106	10	-0.54063	11	-0.37074	12	-0.6903	13	-0.56296	14	-0.45455	15	-0.28947	16	-0.89706	17	-0.90995	18	1	19	1
19	-1e30	0	0	-0.8	1	-0.68966	2	-0.75229	3	-0.48949	4	-0.45652	5	-0.16364	6	-0.55725	7	-0.76271	8	-0.67857	9	-0.74468	10	-0.51562	11	-0.31964	12	-0.51119	13	-0.47407	14	-0.40909	16	-0.97549	17	-0.9763	18	1	19	1
20	-1e30	0	0	-0.73913	1	-0.77586	2	-0.65138	3	-0.45045	4	-0.45652	5	-0.14545	6	-0.5458	7	-0.77966	8	-0.67857	9	-0.78191	10	-0.53438	11	-0.30762	12	-0.66791	13	-0.53333	14	-0.090909	15	-0.078947	16	-0.91667	17	-0.92891	18	1	19	1
20	-1e30	0	0	-0.78261	1	-0.7931	2	-0.73394	3	-0.42943	4	-0.44928	5	-0.2	6	-0.60687	7	-0.72881	8	-0.71429	9	-0.82979	10	-0.52812	11	-0.36673	12	-0.69403	13	-0.54815	14	-0.77273	15	-0.18421	16	-0.90686	17	-0.91469	18	1	19	1
20	-1e30	0	0	-0.84348	1	-0.77586	2	-0.80734	3	-0.51952	4	-0.48551	5	-0.18182	6	-0.59924	7	-0.72881	8	-0.71429	9	-0.83511	10	-0.54063	11	-0.36573	12	-0.58582	13	-0.4963	14	-0.36364	15	-0.31579	16	-0.94118	17	-0.94787	18	1	19	1
20	-1e30	0	0	-0.85217	1	-0.67241	2	-0.62385	3	-0.36336	4	-0.35507	5	-0.12727	6	-0.51145	7	-0.86441	8	-0.64286	9	-0.75532	10	-0.5125	11	-0.26152	12	-0.5	13	-0.55556	14	-0.18182	15	-0.026316	16	-0.91176	17	-0.88152	18	1	19	1
19	-1e30	0	0	-0.77391	1	-0.81034	2	-0.76147	3	-0.96697	4	-0.96377	5	-0.87273	6	-0.60305	7	-0.72881	8	-0.71429	9	-0.86702	10	-0.71562	11	-0.36473	12	-0.65672	13	-0.71852	15	-0.36842	16	-0.90196	17	-0.91943	18	1	19	1
20	-1e30	0	0	-0.74783	1	-0.82759	2	-0.68807	3	-0.40841	4	-0.42029	5	-0.18182	6	-0.6145	7	-0.72881	8	-0.71429	9	-0.86702	10	-0.53125	11	-0.37174	12	-0.6903	13	-0.55556	14	-0.13636	15	-0.026316	16	-0.89706	17	-0.90995	18	1	19	1
20	-1e30	0	0	-0.75652	1	-0.72414	2	-0.58716	3	-0.45045	4	-0.46377	5	-0.18182	6	-0.50763	7	-0.84746	8	-0.64286	9	-0.75532	10	-0.49062	11	-0.26453	12	-0.59328	13	-0.4963	14	-0.31818	15	-0.026316	16	-0.94608	17	-0.95261	18	1	19	1
20	-1e30	0	0	-0.7913	1	-0.72414	2	-0.73394	3	-0.48649	4	-0.47826	5	-0.14545	6	-0.56489	7	-0.74576	8	-0.67857	9	-0.77128	10	-0.53438	11	-0.33166	12	-0.54851	13	-0.51852	14	-0.13636	15	-0.13158	16	-0.92647	17	-0.94313	18	1	19	1
19	-1e30	0	0	-0.86957	1	-0.7931	2	-0.77982	3	-0.49249	4	-0.46377	5	-0.2	6	-0.62214	7	-0.71186	8	-0.71429	9	-0.86702	10	-0.55	11	-0.38778	12	-0.63433	13	-0.52593	14	-0.81818	16	-0.92647	17	-0.92891	18	1	19	1
20	-1e30	0	0	-0.8087	1	-0.62069	2	-0.58716	3	-0.4955	4	-0.5	5	-0.14545	6	-0.51908	7	-0.83051	8	-0.64286	9	-0.7234	10	-0.50313	11	-0.27956	12	-0.47388	13	-0.4963	14	-0.090909	15	-0.76316	16	-0.94608	17	-0.96682	18	1	19	1
20	-1e30	0	0	-0.77391	1	-0.68966	2	-0.72477	3	-0.46246	4	-0.46377	5	-0.16364	6	-0.54962	7	-0.77966	8	-0.67857	9	-0.73936	10	-0.525	11	-0.31162	12	-0.55597	13	-0.52593	14	-0.36364	15	-0.18421	16	-0.92157	17	-0.93365	18	1	19	1
20	-1e30	0	0	-0.8087	1	-0.72414	2	-0.6422	3	-0.39339	4	-0.4058	5	-0.12727	6	-0.48473	7	-0.89831	8	-0.64286	9	-0.77128	10	-0.4875	11	-0.24048	12	-0.56716	13	-0.54815	14	-0.22727	15	-0.10526	16	-0.92647	17	-0.90047	18	1	19	1
19	-1e30	0	0	-0.85217	1	-0.65517	2	-0.6422	3	-0.37538	4	-0.37681	5	-0.14545	6	-0.49618	7	-0.89831	8	-0.64286	9	-0.73936	10	-0.49062	11	-0.24349	12	-0.49254	13	-0.54815	15	-0.34211	16	-0.91176	17	-0.87678	18	1	19	1
20	-1e30	0	0	-0.81739	1	-0.77586	2	-0.74312	3	-0.4985	4	-0.48551	5	-0.16364	6	-0.55344	7	-0.77966	8	-0.67857	9	-0.78191	10	-0.5125	11	-0.31363	12	-0.66791	13	-0.48889	14	-0.5	15	-0.36842	16	-0.95098	17	-0.95735	18	1	19	1
20	-1e30	0	0	-0.8087	1	-0.82759	2	-0.77064	3	-0.45045	4	-0.45652	5	-0.2	6	-0.59542	7	-0.74576	8	-0.71429	9	-0.87766	10	-0.53438	11	-0.35471	12	-0.70149	13	-0.54074	14	-0.36364	15	-0.39474	16	-0.90686	17	-0.92417	18	1	19	1
20	-1e30	0	0	-0.77391	1	-0.75862	2	-0.6422	3	-0.41141	4	-0.42029	5	-0.10909	6	-0.51908	7	-0.83051	8	-0.64286	9	-0.7766	10	-0.525	11	-0.27355	12	-0.6194	13	-0.57778	14	-0.45455	15	-0.078947	16	-0.91176	17	-0.88626	18	1	19	1
19	-1e30	0	0	-0.75652	1	-0.68966	2	-0.74312	3	-0.48649	4	-0.49275	5	-0.18182	6	-0.55725	7	-0.77966	8	-0.67857	9	-0.73936	10	-0.52187	11	-0.31764	12	-0.58582	13	-0.51852	15	-0.34211	16	-0.92647	17	-0.94313	18	1	19	1
20	-1e30	0	0	-0.8087	1	-0.81034	2	-0.77982	3	-0.48949	4	-0.47826	5	-0.2	6	-0.59542	7	-0.74576	8	-0.71429	9	-0.84043	10	-0.5375	11	-0.35571	12	-0.66418	13	-0.54815	14	-0.31818	15	-0.39474	16	-0.89706	17	-0.92417	18	1	19	1
20	-1e30	0	0	-0.77391	1	-0.68966	2	-0.53211	3	-0.41141	4	-0.42029	5	-0.12727	6	-0.46565	7	-0.91525	8	-0.60714	9	-0.74468	10	-0.45625	11	-0.22545	12	-0.5597	13	-0.46667	14	-0.31818	15	-0.10526	16	-0.97549	17	-0.9763	18	1	19	1
19	-1e30	0	0	-0.75652	1	-0.81034	2	-0.74312	3	-0.44745	4	-0.44928	5	-0.16364	6	-0.56107	7	-0.76271	8	-0.67857	9	-0.80851	10	-0.53438	11	-0.32565	12	-0.67537	13	-0.53333	15	-0.15789	16	-0.92157	17	-0.93839	18	1	19	1
20	-1e30	0	0	-0.74783	1	-0.63793	2	-0.63303	3	-0.45045	4	-0.45652	5	-0.14545	6	-0.52672	7	-0.81356	8	-0.64286	9	-0.71277	10	-0.50938	11	-0.28457	12	-0.46269	13	-0.52593	14	-0.045455	15	-0.15789	16	-0.92647	17	-0.92417	18	1	19	1
20	-1e30	0	0	-0.73913	1	-0.67241	2	-0.52294	3	-0.37838	4	-0.4058	5	-0.10909	6	-0.43511	7	-0.98305	8	-0.60714	9	-0.71809	10	-0.41875	11	-0.19539	12	-0.54104	13	-0.47407	14	-0.77273	15	-0.18421	16	-0.96569	17	-0.95735	18	1	19	1
20	-1e30	0	0	-0.76522	1	-0.75862	2	-0.77982	3	-0.41742	4	-0.4058	5	-0.2	6	-0.59924	7	-0.72881	8	-0.71429	9	-0.82447	10	-0.55	11	-0.36373	12	-0.65299	13	-0.56296	14	-0.22727	15	-0.42105	16	-0.90196	17	-0.92417	18	1	19	1
20	-1e30	0	0	-0.8087	1	-0.7069	2	-0.72477	3	-0.47748	4	-0.45652	5	-0.14545	6	-0.54962	7	-0.77966	8	-0.67857	9	-0.79787	10	-0.51562	11	-0.30962	12	-0.5	13	-0.4963	14	-0.18182	15	-0.23684	16	-0.95588	17	-0.96209	18	1	19	1
20	-1e30	0	0	-0.81739	1	-0.60345	2	-0.6055	3	-0.44144	4	-0.44928	5	-0.16364	6	-0.5	7	-0.84746	8	-0.64286	9	-0.67553	10	-0.49688	11	-0.25852	12	-0.4291	13	-0.48889	14	-0.36364	15	-0.18421	16	-0.96078	17	-0.95261	18	1	19	1
20	-1e30	0	0	-0.73913	1	-0.60345	2	-0.43119	3	-0.33033	4	-0.39855	5	-0.054545	6	-0.44656	7	-0.9661	8	-0.60714	9	-0.64894	10	-0.425	11	-0.20341	12	-0.51866	13	-0.65926	14	-0.22727	15	-0.23684	16	-0.88235	17	-0.87204	18	1	19	1
20	-1e30	0	0	-0.8087	1	-0.72414	2	-0.58716	3	-0.47447	4	-0.49275	5	-0.16364	6	-0.51145	7	-0.83051	8	-0.64286	9	-0.75532	10	-0.50938	11	-0.26854	12	-0.63433	13	-0.52593	14	-0.31818	15	-0.34211	16	-0.94118	17	-0.95261	18	1	19	1
20	-1e30	0	0	-0.78261	1	-0.82759	2	-0.7156	3	-0.4024	4	-0.4058	5	-0.2	6	-0.61069	7	-0.72881	8	-0.71429	9	-0.8883	10	-0.52812	11	-0.36673	12	-0.6903	13	-0.56296	14	-0.045455	15	-0.36842	16	-0.89216	17	-0.90995	18	1	19	1
20	-1e30	0	0	-0.73913	1	-0.81034	2	-0.68807	3	-0.36336	4	-0.38406	5	-0.16364	6	-0.59924	7	-0.74576	8	-0.71429	9	-0.87766	10	-0.525	11	-0.35872	12	-0.65672	13	-0.57037	14	-0.045455	15	-0.18421	16	-0.89216	17	-0.90521	18	1	19	1
20	-1e30	0	0	-0.8087	1	-0.7069	2	-0.68807	3	-0.37237	4	-0.36957	5	-0.12727	6	-0.53435	7	-0.83051	8	-0.64286	9	-0.75	10	-0.5125	11	-0.28457	12	-0.55597	13	-0.57037	14	-0.22727	15	-0.39474	16	-0.90196	17	-0.87678	18	1	19	1
20	-1e30	0	0	-0.82609	1	-0.65517	2	-0.6055	3	-0.37838	4	-0.37681	5	-0.14545	6	-0.50763	7	-0.88136	8	-0.64286	9	-0.74468	10	-0.49375	11	-0.25351	12	-0.52239	13	-0.57778	14	-0.5	15	-0.21053	16	-0.90196	17	-0.8673	18	1	19	1
20	-1e30	0	0	-0.73043	1	-0.75862	2	-0.73394	3	-0.42042	4	-0.42029	5	-0.2	6	-0.59542	7	-0.74576	8	-0.71429	9	-0.83511	10	-0.51875	11	-0.3497	12	-0.65672	13	-0.54815	14	-0.22727	15	-0.44737	16	-0.89706	17	-0.91469	18	1	19	1
20	-1e30	0	0	-0.8087	1	-0.81034	2	-0.77982	3	-0.48348	4	-0.47101	5	-0.21818	6	-0.5916	7	-0.72881	8	-0.67857	9	-0.83511	10	-0.55937	11	-0.35471	12	-0.66418	13	-0.56296	14	-0.090909	15	-0.23684	16	-0.90196	17	-0.92891	18	1	19	1
20	-1e30	0	0	-0.77391	1	-0.68966	2	-0.55046	3	-0.39339	4	-0.4058	5	-0.10909	6	-0.45038	7	-0.94915	8	-0.60714	9	-0.72872	10	-0.44688	11	-0.20942	12	-0.5709	13	-0.48148	14	-0.45455	15	-0.21053	16	-0.94608	17	-0.94313	18	1	19	1
20	-1e30	0	0	-0.77391	1	-0.60345	2	-0.6422	3	-0.41441	4	-0.42029	5	-0.12727	6	-0.48092	7	-0.89831	8	-0.60714	9	-0.68085	10	-0.45937	11	-0.23747	12	-0.41791	13	-0.47407	14	-0.18182	15	-0.5	16	-0.97549	17	-0.98104	18	1	19	1
20	-1e30	0	0	-0.74783	1	-0.67241	2	-0.55046	3	-0.42042	4	-0.43478	5	-0.12727	6	-0.4542	7	-0.9322	8	-0.60714	9	-0.71277	10	-0.4375	11	-0.21242	12	-0.52612	13	-0.45185	14	-0.31818	15	-0.21053	16	-0.98039	17	-0.98104	18	1	19	1
19	-1e30	0	0	-0.72174	1	-0.63793	2	-0.56881	3	-0.33934	4	-0.38406	5	-0.10909	6	-0.46565	7	-0.9322	8	-0.60714	9	-0.68617	10	-0.44688	11	-0.21844	12	-0.50373	13	-0.58519	15	-0.18421	16	-0.88725	17	-0.87678	18	1	19	1
20	-1e30	0	0	-0.7913	1	-0.74138	2	-0.80734	3	-0.47147	4	-0.44203	5	-0.16364	6	-0.5687	7	-0.76271	8	-0.67857	9	-0.83511	10	-0.51562	11	-0.32665	12	-0.52239	13	-0.47407	14	-0.045455	15	-0.68421	16	-0.96569	17	-0.98104	18	1	19	1
20	-1e30	0	0	-0.83478	1	-0.77586	2	-0.73394	3	-0.48649	4	-0.45652	5	-0.16364	6	-0.55725	7	-0.77966	8	-0.67857	9	-0.78723	10	-0.50313	11	-0.31663	12	-0.60075	13	-0.47407	14	-0.22727	15	-0.26316	16	-0.97549	17	-0.98104	18	1	19	1
20	-1e30	0	0	-0.77391	1	-0.7931	2	-0.70642	3	-0.37538	4	-0.37681	5	-0.18182	6	-0.59542	7	-0.74576	8	-0.71429	9	-0.85106	10	-0.53438	11	-0.3517	12	-0.66045	13	-0.57778	14	-0.31818	15	-0.44737	16	-0.89706	17	-0.90521	18	1	19	1
20	-1e30	0	0	-0.76522	1	-0.74138	2	-0.77064	3	-0.40841	4	-0.39855	5	-0.2	6	-0.58779	7	-0.74576	8	-0.67857	9	-0.79787	10	-0.54375	11	-0.3507	12	-0.61194	13	-0.54074	14	-0.27273	15	-0.052632	16	-0.90686	17	-0.92891	18	1	19	1
20	-1e30	0	0	-0.85217	1	-0.65517	2	-0.6055	3	-0.39039	4	-0.39855	5	-0.12727	6	-0.49618	7	-0.86441	8	-0.64286	9	-0.73404	10	-0.5	11	-0.2515	12	-0.45896	13	-0.51111	14	-0.13636	15	-0.31579	16	-0.93627	17	-0.91943	18	1	19	1
20	-1e30	0	0	-0.77391	1	-0.77586	2	-0.74312	3	-0.73874	4	-0.73913	5	-0.78182	6	-0.5916	7	-0.74576	8	-0.71429	9	-0.85106	10	-0.625	11	-0.3477	12	-0.66045	13	-0.66667	14	-0.40909	15	-0.44737	16	-0.89706	17	-0.90995	18	1	19	1
20	-1e30	0	0	-0.8087	1	-0.62069	2	-0.57798	3	-0.41742	4	-0.41304	5	-0.14545	6	-0.50382	7	-0.84746	8	-0.64286	9	-0.7234	10	-0.49375	11	-0.26052	12	-0.45149	13	-0.4963	14	-0.13636	15	-0.71053	16	-0.94608	17	-0.95261	18	1	19	1
20	-1e30	0	0	-0.77391	1	-0.62069	2	-0.62385	3	-0.44745	4	-0.43478	5	-0.14545	6	-0.50763	7	-0.84746	8	-0.64286	9	-0.71277	10	-0.47813	11	-0.26553	12	-0.44403	13	-0.45926	14	-0.27273	15	-0.47368	16	-0.98529	17	-0.99052	18	1	19	1
20	-1e30	0	0	-0.8087	1	-0.77586	2	-0.76147	3	-0.42643	4	-0.4058	5	-0.18182	6	-0.59924	7	-0.72881	8	-0.71429	9	-0.82447	10	-0.5625	11	-0.36473	12	-0.70149	13	-0.55556	14	-0.045455	15	-0.55263	16	-0.90196	17	-0.93365	18	1	19	1
20	-1e30	0	0	-0.8087	1	-0.68966	2	-0.56881	3	-0.35135	4	-0.35507	5	-0.12727	6	-0.5	7	-0.88136	8	-0.64286	9	-0.77128	10	-0.5	11	-0.2495	12	-0.58209	13	-0.57778	14	-0.36364	15	-0.15789	16	-0.90196	17	-0.87204	18	1	19	1
20	-1e30	0	0	-0.7913	1	-0.7069	2	-0.6055	3	-0.39339	4	-0.4058	5	-0.16364	6	-0.48092	7	-0.89831	8	-0.64286	9	-0.76596	10	-0.49688	11	-0.23747	12	-0.57836	13	-0.53333	14	-0.13636	15	-0.26316	16	-0.93627	17	-0.91943	18	1	19	1
20	-1e30	0	0	-0.77391	1	-0.63793	2	-0.46789	3	-0.33333	4	-0.3913	5	-0.090909	6	-0.45802	7	-0.94915	8	-0.60714	9	-0.67553	10	-0.43125	11	-0.21343	12	-0.54851	13	-0.60741	14	-0.31818	15	-0.10526	16	-0.88725	17	-0.8673	18	1	19	1
20	-1e30	0	0	-0.8087	1	-0.74138	2	-0.80734	3	-0.51051	4	-0.47826	5	-0.16364	6	-0.57252	7	-0.76271	8	-0.67857	9	-0.78191	10	-0.5125	11	-0.33467	12	-0.53358	13	-0.48148	14	-0.090909	15	-0.44737	16	-0.96078	17	-0.9763	18	1	19	1
20	-1e30	0	0	-0.85217	1	-0.75862	2	-0.7156	3	-0.48048	4	-0.45652	5	-0.14545	6	-0.54198	7	-0.79661	8	-0.64286	9	-0.78723	10	-0.5	11	-0.3006	12	-0.63806	13	-0.46667	14	-0.86364	15	-0.052632	16	-0.98529	17	-0.98104	18	1	19	1
20	-1e30	0	0	-0.77391	1	-0.75862	2	-0.69725	3	-0.37538	4	-0.3913	5	-0.18182	6	-0.59542	7	-0.74576	8	-0.71429	9	-0.80319	10	-0.50938	11	-0.35271	12	-0.65672	13	-0.56296	14	-0.54545	15	-0.31579	16	-0.90196	17	-0.91469	18	1	19	1
20	-1e30	0	0	-0.84348	1	-0.77586	2	-0.83486	3	-0.48348	4	-0.45652	5	-0.18182	6	-0.57634	7	-0.76271	8	-0.67857	9	-0.78723	10	-0.51875	11	-0.33467	12	-0.63806	13	-0.48148	14	-0.81818	15	-0.52632	16	-0.96569	17	-0.97156	18	1	19	1
20	-1e30	0	0	-0.82609	1	-0.75862	2	-0.77064	3	-0.47447	4	-0.44928	5	-0.18182	6	-0.55344	7	-0.77966	8	-0.67857	9	-0.78723	10	-0.50938	11	-0.31263	12	-0.6194	13	-0.47407	14	-0.45455	15	-0.15789	16	-0.97549	17	-0.9763	18	1	19	1
20	-1e30	0	0	-0.7913	1	-0.7931	2	-0.7156	3	-0.44444	4	-0.44203	5	-0.16364	6	-0.56107	7	-0.76271	8	-0.67857	9	-0.80851	10	-0.525	11	-0.32365	12	-0.74254	13	-0.51852	14	-0.59091	15	-0.28947	16	-0.92647	17	-0.94787	18	1	19	1
20	-1e30	0	0	-0.77391	1	-0.81034	2	-0.77982	3	-0.44144	4	-0.42029	5	-0.18182	6	-0.58397	7	-0.74576	8	-0.67857	9	-0.80319	10	-0.54688	11	-0.3497	12	-0.69403	13	-0.54815	14	-0.59091	15	-0.18421	16	-0.91176	17	-0.93365	18	1	19	1
20	-1e30	0	0	-0.78261	1	-0.81034	2	-0.77982	3	-0.44745	4	-0.43478	5	-0.18182	6	-0.5916	7	-0.72881	8	-0.67857	9	-0.82447	10	-0.55937	11	-0.35571	12	-0.69403	13	-0.55556	14	-0.045455	15	-0.13158	16	-0.90686	17	-0.92891	18	1	19	1
20	-1e30	0	0	-0.84348	1	-0.81034	2	-0.79817	3	-0.49249	4	-0.46377	5	-0.16364	6	-0.59542	7	-0.72881	8	-0.71429	9	-0.79255	10	-0.54063	11	-0.35972	12	-0.6791	13	-0.5037	14	-0.045455	15	-0.34211	16	-0.94118	17	-0.95735	18	1	19	1
20	-1e30	0	0	-0.75652	1	-0.62069	2	-0.48624	3	-0.35135	4	-0.42029	5	-0.072727	6	-0.45038	7	-0.9661	8	-0.60714	9	-0.66489	10	-0.43125	11	-0.20541	12	-0.51493	13	-0.62963	14	-0.40909	15	-0.39474	16	-0.88235	17	-0.8673	18	1	19	1
19	-1e30	0	0	-0.81739	1	-0.84483	2	-0.79817	3	-0.47748	4	-0.46377	5	-0.18182	6	-0.59924	7	-0.72881	8	-0.71429	9	-0.84043	10	-0.55937	11	-0.36373	12	-0.75746	13	-0.55556	14	-0.18182	16	-0.89706	17	-0.91943	18	1	19	1
20	-1e30	0	0	-0.78261	1	-0.81034	2	-0.77982	3	-0.43544	4	-0.42029	5	-0.16364	6	-0.58015	7	-0.74576	8	-0.67857	9	-0.82447	10	-0.54688	11	-0.34569	12	-0.68657	13	-0.54074	14	-0.18182	15	-0.052632	16	-0.91176	17	-0.93365	18	1	19	1
20	-1e30	0	0	-0.81739	1	-0.81034	2	-0.77982	3	-1	4	-1	5	-0.89091	6	-0.5916	7	-0.72881	8	-0.67857	9	-0.82447	10	-1	11	-0.35471	12	-0.69776	13	-1	14	-0.54545	15	-0.23684	16	-0.92157	17	-0.92891	18	1	19	1
20	-1e30	0	0	-0.7913	1	-0.65517	2	-0.6422	3	-0.48048	4	-0.47826	5	-0.45455	6	-0.53435	7	-0.79661	8	-0.64286	9	-0.73936	10	-0.50625	11	-0.29659	12	-0.48507	13	-0.4963	14	-0.18182	15	-0.28947	16	-0.94118	17	-0.95735	18	1	19	1
20	-1e30	0	0	-0.8087	1	-0.75862	2	-0.82569	3	-0.4985	4	-0.47101	5	-0.18182	6	-0.58397	7	-0.74576	8	-0.67857	9	-0.82979	10	-0.53125	11	-0.3487	12	-0.53358	13	-0.48889	14	-0.40909	15	-0.44737	16	-0.95098	17	-0.96209	18	1	19	1
19	-1e30	0	0	-0.75652	1	-0.72414	2	-0.58716	3	-0.45045	4	-0.46377	5	-0.18182	6	-0.50763	7	-0.84746	8	-0.64286	9	-0.75	10	-0.49062	11	-0.26553	12	-0.59328	13	-0.4963	14	-0.31818	16	-0.94608	17	-0.95261	18	1	19	1
20	-1e30	0	0	-0.83478	1	-0.67241	2	-0.70642	3	-0.48048	4	-0.44928	5	-0.14545	6	-0.53435	7	-0.79661	8	-0.64286	9	-0.79787	10	-0.50313	11	-0.29459	12	-0.46269	13	-0.45926	14	-0.68182	15	-0.078947	16	-0.98529	17	-0.98578	18	1	19	1
20	-1e30	0	0	-0.73913	1	-0.77586	2	-0.75229	3	-0.3994	4	-0.4058	5	-0.2	6	-0.60687	7	-0.72881	8	-0.71429	9	-0.82979	10	-0.53125	11	-0.36273	12	-0.64552	13	-0.56296	14	-0.45455	15	-0.55263	16	-0.89706	17	-0.91469	18	1	19	1
19	-1e30	0	0	-0.83478	1	-0.67241	2	-0.53211	3	-0.35135	4	-0.36957	5	-0.10909	6	-0.50763	7	-0.88136	8	-0.64286	9	-0.73936	10	-0.48125	11	-0.25551	12	-0.5597	13	-0.63704	14	-0.27273	16	-0.88725	17	-0.86256	18	1	19	1
20	-1e30	0	0	-0.73043	1	-0.63793	2	-0.6422	3	-0.43544	4	-0.44928	5	-0.16364	6	-0.51908	7	-0.81356	8	-0.64286	9	-0.71277	10	-0.49688	11	-0.28056	12	-0.52239	13	-0.5037	14	-0.5	15	-0.23684	16	-0.95098	17	-0.95735	18	1	19	1
20	-1e30	0	0	-0.73913	1	-0.63793	2	-0.62385	3	-0.43544	4	-0.43478	5	-0.10909	6	-0.49618	7	-0.86441	8	-0.64286	9	-0.69149	10	-0.46875	11	-0.25351	12	-0.45149	13	-0.48148	14	-0.13636	15	-0.36842	16	-0.95588	17	-0.96209	18	1	19	1
20	-1e30	0	0	-0.8087	1	-0.72414	2	-0.58716	3	-0.36937	4	-0.36957	5	-0.12727	6	-0.51527	7	-0.86441	8	-0.64286	9	-0.76596	10	-0.5125	11	-0.26253	12	-0.57836	13	-0.57778	14	-0.72727	15	-0.31579	16	-0.90686	17	-0.87678	18	1	19	1
20	-1e30	0	0	-0.78261	1	-0.81034	2	-0.66972	3	-0.40841	4	-0.42029	5	-0.2	6	-0.6145	7	-0.71186	8	-0.71429	9	-0.81383	10	-0.5375	11	-0.37675	12	-0.6903	13	-0.57037	14	-0.5	15	-0.21053	16	-0.89706	17	-0.90521	18	1	19	1
20	-1e30	0	0	-0.7913	1	-0.62069	2	-0.55046	3	-0.37838	4	-0.4058	5	-0.10909	6	-0.4542	7	-0.94915	8	-0.60714	9	-0.69149	10	-0.43438	11	-0.21142	12	-0.4403	13	-0.4963	14	-0.27273	15	-0.36842	16	-0.94118	17	-0.93839	18	1	19	1
20	-1e30	0	0	-0.77391	1	-0.7931	2	-0.6789	3	-0.40541	4	-0.42754	5	-0.16364	6	-0.59924	7	-0.74576	8	-0.71429	9	-0.84043	10	-0.53125	11	-0.35671	12	-0.66045	13	-0.58519	14	-0.54545	15	-0.078947	16	-0.90196	17	-0.90521	18	1	19	1
20	-1e30	0	0	-0.7913	1	-0.67241	2	-0.75229	3	-0.49249	4	-0.49275	5	-0.18182	6	-0.5458	7	-0.77966	8	-0.67857	9	-0.72872	10	-0.5125	11	-0.30862	12	-0.58955	13	-0.5037	14	-0.59091	15	-0.23684	16	-0.93627	17	-0.95261	18	1	19	1
20	-1e30	0	0	-0.8	1	-0.74138	2	-0.6422	3	-0.37237	4	-0.37681	5	-0.10909	6	-0.53053	7	-0.83051	8	-0.64286	9	-0.76596	10	-0.5125	11	-0.28257	12	-0.64179	13	-0.58519	14	-0.18182	15	-0.42105	16	-0.89706	17	-0.87678	18	1	19	1
20	-1e30	0	0	-0.72174	1	-0.77586	2	-0.66972	3	-0.48348	4	-0.49275	5	-0.14545	6	-0.54198	7	-0.77966	8	-0.64286	9	-0.76596	10	-0.52812	11	-0.30561	12	-0.66791	13	-0.52593	14	-0.45455	15	-0.078947	16	-0.93627	17	-0.94313	18	1	19	1
20	-1e30	0	0	-0.78261	1	-0.7069	2	-0.56881	3	-0.44144	4	-0.43478	5	-0.10909	6	-0.48855	7	-0.88136	8	-0.64286	9	-0.75	10	-0.46563	11	-0.24649	12	-0.58582	13	-0.45185	14	-0.59091	15	-0.10526	16	-0.98529	17	-0.98578	18	1	19	1
20	-1e30	0	0	-0.8	1	-0.68966	2	-0.56881	3	-0.43243	4	-0.42754	5	-0.14545	6	-0.48473	7	-0.88136	8	-0.60714	9	-0.73936	10	-0.46563	11	-0.24148	12	-0.5597	13	-0.45926	14	-0.59091	15	-0.026316	16	-1	17	-0.99526	18	1	19	1
20	-1e30	0	0	-0.7913	1	-0.75862	2	-0.6055	3	-0.45345	4	-0.45652	5	-0.12727	6	-0.5229	7	-0.81356	8	-0.64286	9	-0.7766	10	-0.51875	11	-0.28056	12	-0.62313	13	-0.53333	14	-0.045455	15	-0.23684	16	-0.92157	17	-0.91943	18	1	19	1
20	-1e30	0	0	-0.77391	1	-0.7931	2	-0.7156	3	-0.45045	4	-0.45652	5	-0.2	6	-0.61069	7	-0.72881	8	-0.71429	9	-0.85106	10	-0.53125	11	-0.36774	12	-0.65672	13	-0.54074	14	-0.22727	15	-0.23684	16	-0.90686	17	-0.91943	18	1	19	1
20	-1e30	0	0	-0.74783	1	-0.65517	2	-0.69725	3	-0.42943	4	-0.42754	5	-0.14545	6	-0.54198	7	-0.79661	8	-0.64286	9	-0.69681	10	-0.52187	11	-0.3016	12	-0.51493	13	-0.52593	14	-0.22727	15	-0.26316	16	-0.92647	17	-0.92891	18	1	19	1
20	-1e30	0	0	-0.78261	1	-0.82759	2	-0.7156	3	-0.42943	4	-0.43478	5	-0.2	6	-0.6145	7	-0.72881	8	-0.71429	9	-0.84574	10	-0.5375	11	-0.37475	12	-0.69403	13	-0.55556	14	-0.090909	15	-0.052632	16	-0.90196	17	-0.91469	18	1	19	1
20	-1e30	0	0	-0.81739	1	-0.74138	2	-0.75229	3	-0.40841	4	-0.3913	5	-0.18182	6	-0.5916	7	-0.72881	8	-0.67857	9	-0.79255	10	-0.55	11	-0.35972	12	-0.60075	13	-0.54815	14	-0.045455	15	-0.15789	16	-0.91176	17	-0.93365	18	1	19	1
20	-1e30	0	0	-0.76522	1	-0.62069	2	-0.48624	3	-0.33934	4	-0.41304	5	-0.054545	6	-0.45038	7	-0.9661	8	-0.60714	9	-0.68085	10	-0.42812	11	-0.20441	12	-0.50746	13	-0.65185	14	-0.31818	15	-0.36842	16	-0.88235	17	-0.8673	18	1	19	1
20	-1e30	0	0	-0.82609	1	-0.7931	2	-0.84404	3	-0.47748	4	-0.45652	5	-0.2	6	-0.61069	7	-0.71186	8	-0.71429	9	-0.83511	10	-0.55	11	-0.37275	12	-0.63806	13	-0.51852	14	-0.31818	15	-0.55263	16	-0.92647	17	-0.94787	18	1	19	1
20	-1e30	0	0	-0.77391	1	-0.65517	2	-0.6789	3	-0.41441	4	-0.42754	5	-0.12727	6	-0.51908	7	-0.83051	8	-0.64286	9	-0.70745	10	-0.52187	11	-0.27856	12	-0.47761	13	-0.53333	14	-0.31818	15	-0.18421	16	-0.92647	17	-0.91469	18	1	19	1
20	-1e30	0	0	-0.76522	1	-0.67241	2	-0.69725	3	-0.46547	4	-0.44928	5	-0.14545	6	-0.5229	7	-0.81356	8	-0.64286	9	-0.72872	10	-0.4875	11	-0.28156	12	-0.46269	13	-0.46667	14	-0.13636	15	-0.15789	16	-0.98529	17	-0.99052	18	1	19	1
18	-1e30	0	0	-0.8087	1	-0.68966	2	-0.66972	3	-0.41742	4	-0.42029	5	-0.10909	6	-0.51908	7	-0.83051	8	-0.64286	9	-0.73404	10	-0.51875	11	-0.27555	12	-0.51119	13	-0.54074	16	-0.91667	17	-0.891	18	1	19	1
20	-1e30	0	0	-0.78261	1	-0.74138	2	-0.74312	3	-0.69369	4	-0.7029	5	-0.83636	6	-0.57252	7	-0.76271	8	-0.67857	9	-0.79255	10	-0.625	11	-0.33267	12	-0.61194	13	-0.67407	14	-0.22727	15	-0.23684	16	-0.91176	17	-0.92891	18	1	19	1
20	-1e30	0	0	-0.77391	1	-0.7069	2	-0.57798	3	-0.4024	4	-0.42754	5	-0.10909	6	-0.46947	7	-0.9322	8	-0.60714	9	-0.72872	10	-0.4625	11	-0.22345	12	-0.5597	13	-0.56296	14	-0.54545	15	-0.078947	16	-0.91176	17	-0.891	18	1	19	1
20	-1e30	0	0	-0.78261	1	-0.67241	2	-0.52294	3	-0.34234	4	-0.34783	5	-0.12727	6	-0.51527	7	-0.86441	8	-0.64286	9	-0.73936	10	-0.48438	11	-0.26152	12	-0.56343	13	-0.62963	14	-0.54545	15	-0.21053	16	-0.89706	17	-0.86256	18	1	19	1
20	-1e30	0	0	-0.85217	1	-0.75862	2	-0.80734	3	-0.52853	4	-0.48551	5	-0.18182	6	-0.60305	7	-0.72881	8	-0.71429	9	-0.79255	10	-0.54063	11	-0.36774	12	-0.57463	13	-0.48889	14	-0.63636	15	-0.23684	16	-0.95098	17	-0.95735	18	1	19	1
20	-1e30	0	0	-0.74783	1	-0.68966	2	-0.6055	3	-0.41742	4	-0.42754	5	-0.12727	6	-0.46565	7	-0.91525	8	-0.60714	9	-0.73936	10	-0.45312	11	-0.22545	12	-0.53358	13	-0.46667	14	-0.31818	15	-0.28947	16	-0.9902	17	-0.98578	18	1	19	1
20	-1e30	0	0	-0.76522	1	-0.58621	2	-0.53211	3	-0.42042	4	-0.42754	5	-0.10909	6	-0.48473	7	-0.88136	8	-0.64286	9	-0.69149	10	-0.4625	11	-0.24349	12	-0.42164	13	-0.46667	14	-0.18182	15	-0.26316	16	-0.97549	17	-0.9763	18	1	19	1
20	-1e30	0	0	-0.76522	1	-0.75862	2	-0.77064	3	-0.40541	4	-0.39855	5	-0.21818	6	-0.5916	7	-0.74576	8	-0.71429	9	-0.84043	10	-0.55	11	-0.3517	12	-0.61194	13	-0.55556	14	-0.31818	15	-0.28947	16	-0.89706	17	-0.92417	18	1	19	1
20	-1e30	0	0	-0.8	1	-0.68966	2	-0.6055	3	-0.33333	4	-0.34783	5	-0.12727	6	-0.53053	7	-0.84746	8	-0.67857	9	-0.74468	10	-0.49688	11	-0.27756	12	-0.55224	13	-0.62963	14	-0.54545	15	-0.5	16	-0.89216	17	-0.8673	18	1	19	1
20	-1e30	0	0	-0.74783	1	-0.65517	2	-0.53211	3	-0.35736	4	-0.4058	5	-0.072727	6	-0.45038	7	-0.9661	8	-0.60714	9	-0.68617	10	-0.4375	11	-0.20842	12	-0.56716	13	-0.57778	14	-0.40909	15	-0.052632	16	-0.90196	17	-0.88152	18	1	19	1
20	-1e30	0	0	-0.84348	1	-0.60345	2	-0.6055	3	-0.45345	4	-0.46377	5	-0.14545	6	-0.48855	7	-0.88136	8	-0.64286	9	-0.68617	10	-0.4625	11	-0.24649	12	-0.41791	13	-0.48889	14	-0.27273	15	-0.052632	16	-0.95588	17	-0.94787	18	1	19	1
20	-1e30	0	0	-0.83478	1	-0.77586	2	-0.79817	3	-0.50751	4	-0.48551	5	-0.18182	6	-0.58779	7	-0.74576	8	-0.67857	9	-0.79255	10	-0.52187	11	-0.3517	12	-0.64925	13	-0.4963	14	-0.40909	15	-0.21053	16	-0.94118	17	-0.95261	18	1	19	1
20	-1e30	0	0	-0.77391	1	-0.81034	2	-0.73394	3	-0.39339	4	-0.3913	5	-0.2	6	-0.61069	7	-0.72881	8	-0.71429	9	-0.86702	10	-0.54688	11	-0.36974	12	-0.64925	13	-0.57037	14	-0.045455	15	-0.18421	16	-0.89216	17	-0.91469	18	1	19	1
20	-1e30	0	0	-0.77391	1	-0.62069	2	-0.62385	3	-0.42342	4	-0.42754	5	-0.14545	6	-0.53053	7	-0.79661	8	-0.64286	9	-0.69149	10	-0.51875	11	-0.29158	12	-0.47388	13	-0.54074	14	-0.31818	15	-0.026316	16	-0.92647	17	-0.92891	18	1	19	1
20	-1e30	0	0	-0.73913	1	-0.60345	2	-0.58716	3	-0.38739	4	-0.41304	5	-0.10909	6	-0.44275	7	-0.9661	8	-0.60714	9	-0.66489	10	-0.43125	11	-0.2004	12	-0.45896	13	-0.48148	14	-0.045455	15	-0.60526	16	-0.96078	17	-0.96209	18	1	19	1
20	-1e30	0	0	-0.72174	1	-0.68966	2	-0.54128	3	-0.34835	4	-0.38406	5	-0.12727	6	-0.50382	7	-0.88136	8	-0.64286	9	-0.72872	10	-0.45312	11	-0.2505	12	-0.58582	13	-0.62222	14	-0.54545	15	-0.15789	16	-0.86765	17	-0.8673	18	1	19	1
20	-1e30	0	0	-0.76522	1	-0.72414	2	-0.6055	3	-0.3994	4	-0.41304	5	-0.10909	6	-0.46947	7	-0.91525	8	-0.60714	9	-0.76596	10	-0.45937	11	-0.22745	12	-0.59701	13	-0.48889	14	-0.36364	15	-0.10526	16	-0.94608	17	-0.93839	18	1	19	1
20	-1e30	0	0	-0.8087	1	-0.67241	2	-0.7156	3	-0.49249	4	-0.47826	5	-0.14545	6	-0.53053	7	-0.81356	8	-0.64286	9	-0.74468	10	-0.49062	11	-0.29058	12	-0.47015	13	-0.47407	14	-0.18182	15	-0.18421	16	-0.98529	17	-0.98578	18	1	19	1
19	-1e30	0	0	-0.73043	1	-0.63793	2	-0.6422	3	-0.45045	4	-0.44203	5	-0.12727	6	-0.5229	7	-0.83051	8	-0.64286	9	-0.74468	10	-0.4875	11	-0.27856	12	-0.45149	13	-0.47407	15	-0.60526	16	-0.96078	17	-0.97156	18	1	19	1
20	-1e30	0	0	-0.74783	1	-0.67241	2	-0.56881	3	-0.38739	4	-0.42754	5	-0.10909	6	-0.44275	7	-0.9661	8	-0.60714	9	-0.71809	10	-0.42812	11	-0.20341	12	-0.54104	13	-0.47407	14	-0.31818	15	-0.23684	16	-0.97549	17	-0.96682	18	1	19	1
20	-1e30	0	0	-0.78261	1	-0.84483	2	-0.77982	3	-0.42342	4	-0.41304	5	-0.2	6	-0.60687	7	-0.72881	8	-0.71429	9	-0.8883	10	-0.54063	11	-0.36573	12	-0.69403	13	-0.55556	14	-0.045455	15	-0.28947	16	-0.89216	17	-0.90995	18	1	19	1
20	-1e30	0	0	-0.72174	1	-0.63793	2	-0.44954	3	-0.33634	4	-0.39855	5	-0.090909	6	-0.46565	7	-0.9322	8	-0.60714	9	-0.68085	10	-0.45	11	-0.21944	12	-0.54478	13	-0.62963	14	-0.36364	15	-0.42105	16	-0.88235	17	-0.87204	18	1	19	1
20	-1e30	0	0	-0.85217	1	-0.67241	2	-0.62385	3	-0.40841	4	-0.4058	5	-0.14545	6	-0.5	7	-0.88136	8	-0.64286	9	-0.76596	10	-0.49688	11	-0.2515	12	-0.5	13	-0.53333	14	-0.18182	15	-0.26316	16	-0.91176	17	-0.88626	18	1	19	1
19	-1e30	0	0	-0.78261	1	-0.82759	2	-0.74312	3	-0.43243	4	-0.43478	5	-0.16364	6	-0.57252	7	-0.74576	8	-0.67857	9	-0.82979	10	-0.54063	11	-0.33367	12	-0.74627	13	-0.55556	14	-0.090909	16	-0.90686	17	-0.92417	18	1	19	1
20	-1e30	0	0	-0.78261	1	-0.72414	2	-0.57798	3	-0.43243	4	-0.42754	5	-0.12727	6	-0.5	7	-0.84746	8	-0.64286	9	-0.75532	10	-0.48125	11	-0.25952	12	-0.60448	13	-0.48148	14	-0.68182	15	-0.078947	16	-0.96569	17	-0.96682	18	1	19	1
20	-1e30	0	0	-0.84348	1	-0.7069	2	-0.56881	3	-0.3994	4	-0.4058	5	-0.12727	6	-0.49618	7	-0.88136	8	-0.64286	9	-0.76064	10	-0.49375	11	-0.24749	12	-0.58582	13	-0.57778	14	-0.22727	15	-0.18421	16	-0.90196	17	-0.88152	18	1	19	1
20	-1e30	0	0	-0.83478	1	-0.7931	2	-0.80734	3	-0.48048	4	-0.46377	5	-0.16364	6	-0.57634	7	-0.74576	8	-0.67857	9	-0.78723	10	-0.54063	11	-0.33968	12	-0.6791	13	-0.51852	14	-0.68182	15	-0.28947	16	-0.94118	17	-0.94313	18	1	19	1
20	-1e30	0	0	-0.74783	1	-0.60345	2	-0.40367	3	-0.33033	4	-0.3913	5	-0.036364	6	-0.4542	7	-0.9661	8	-0.60714	9	-0.64362	10	-0.43438	11	-0.20842	12	-0.51119	13	-0.66667	14	-0.27273	15	-0.026316	16	-0.88235	17	-0.8673	18	1	19	1
20	-1e30	0	0	-0.77391	1	-0.77586	2	-0.77982	3	-0.44745	4	-0.42754	5	-0.2	6	-0.60305	7	-0.72881	8	-0.71429	9	-0.84043	10	-0.55312	11	-0.36273	12	-0.64552	13	-0.55556	14	-0.54545	15	-0.42105	16	-0.89706	17	-0.91469	18	1	19	1
20	-1e30	0	0	-0.7913	1	-0.67241	2	-0.70642	3	-0.45946	4	-0.42754	5	-0.14545	6	-0.53053	7	-0.81356	8	-0.64286	9	-0.73936	10	-0.49688	11	-0.28958	12	-0.45896	13	-0.45926	14	-0.36364	15	-0.44737	16	-0.98529	17	-0.99052	18	1	19	1
20	-1e30	0	0	-0.76522	1	-0.60345	2	-0.55046	3	-0.42943	4	-0.42754	5	-0.12727	6	-0.48855	7	-0.88136	8	-0.64286	9	-0.68617	10	-0.45937	11	-0.24649	12	-0.40672	13	-0.45926	14	-0.045455	15	-0.15789	16	-0.9902	17	-0.99052	18	1	19	1
20	-1e30	0	0	-0.78261	1	-0.74138	2	-0.66055	3	-0.47147	4	-0.46377	5	-0.14545	6	-0.51908	7	-0.83051	8	-0.64286	9	-0.77128	10	-0.49375	11	-0.27956	12	-0.62313	13	-0.47407	14	-0.18182	15	-0.15789	16	-0.98529	17	-0.99052	18	1	19	1
19	-1e30	0	0	-0.78261	1	-0.81034	2	-0.77982	3	-0.48348	4	-0.46377	5	-0.18182	6	-0.62214	7	-0.71186	8	-0.71429	9	-0.85106	10	-0.55312	11	-0.38978	12	-0.6903	13	-0.54074	14	-0.40909	16	-0.90686	17	-0.92417	18	1	19	1
20	-1e30	0	0	-0.81739	1	-0.7931	2	-0.83486	3	-0.52553	4	-0.50725	5	-0.21818	6	-0.59924	7	-0.72881	8	-0.71429	9	-0.82447	10	-0.5375	11	-0.35872	12	-0.71642	13	-0.51111	14	-0.68182	15	-0.55263	16	-0.93137	17	-0.94787	18	1	19	1
20	-1e30	0	0	-0.82609	1	-0.7931	2	-0.69725	3	-0.48649	4	-0.47826	5	-0.2	6	-0.61832	7	-0.71186	8	-0.71429	9	-0.82447	10	-0.54688	11	-0.38176	12	-0.64179	13	-0.54815	14	-0.36364	15	-0.10526	16	-0.90196	17	-0.91469	18	1	19	1
19	-1e30	0	0	-0.78261	1	-0.7931	2	-0.66972	3	-0.41141	4	-0.42029	5	-0.2	6	-0.6145	7	-0.72881	8	-0.71429	9	-0.84043	10	-0.53125	11	-0.37375	12	-0.69403	13	-0.56296	15	-0.23684	16	-0.89216	17	-0.91469	18	1	19	1
19	-1e30	0	0	-0.78261	1	-0.7931	2	-0.68807	3	-0.3994	4	-0.39855	5	-0.2	6	-0.61069	7	-0.72881	8	-0.71429	9	-0.85638	10	-0.54063	11	-0.36974	12	-0.63806	13	-0.57037	15	-0.42105	16	-0.89216	17	-0.90995	18	1	19	1
20	-1e30	0	0	-0.8	1	-0.7069	2	-0.6055	3	-0.37538	4	-0.37681	5	-0.12727	6	-0.53053	7	-0.84746	8	-0.64286	9	-0.76064	10	-0.5	11	-0.27555	12	-0.60075	13	-0.6	14	-0.31818	15	-0.5	16	-0.89216	17	-0.87204	18	1	19	1
20	-1e30	0	0	-0.8087	1	-0.74138	2	-0.7156	3	-0.48649	4	-0.46377	5	-0.14545	6	-0.5229	7	-0.81356	8	-0.64286	9	-0.77128	10	-0.4875	11	-0.28156	12	-0.59328	13	-0.46667	14	-0.77273	15	-0.31579	16	-0.9951	17	-0.99526	18	1	19	1
20	-1e30	0	0	-0.71304	1	-0.74138	2	-0.6422	3	-0.75075	4	-0.76087	5	-1	6	-0.53053	7	-0.81356	8	-0.64286	9	-0.77128	10	-0.72188	11	-0.28958	12	-0.64179	13	-0.73333	14	-0.18182	15	-0.23684	16	-0.93137	17	-0.94313	18	1	19	1
20	-1e30	0	0	-0.8	1	-0.60345	2	-0.53211	3	-0.40841	4	-0.42029	5	-0.10909	6	-0.46565	7	-0.9322	8	-0.60714	9	-0.70213	10	-0.44375	11	-0.22244	12	-0.43284	13	-0.47407	14	-0.27273	15	-0.44737	16	-0.96569	17	-0.96209	18	1	19	1
20	-1e30	0	0	-0.81739	1	-0.84483	2	-0.75229	3	-0.41141	4	-0.4058	5	-0.18182	6	-0.60687	7	-0.72881	8	-0.71429	9	-0.85106	10	-0.55	11	-0.36774	12	-0.69403	13	-0.56296	14	-0.45455	15	-0.18421	16	-0.89706	17	-0.90995	18	1	19	1
20	-1e30	0	0	-0.81739	1	-0.77586	2	-0.77982	3	-0.48949	4	-0.49275	5	-0.18182	6	-0.59924	7	-0.74576	8	-0.71429	9	-0.82979	10	-0.53125	11	-0.35772	12	-0.65672	13	-0.54074	14	-0.77273	15	-0.28947	16	-0.91667	17	-0.92417	18	1	19	1
20	-1e30	0	0	-0.81739	1	-0.77586	2	-0.77982	3	-0.48048	4	-0.45652	5	-0.18182	6	-0.60305	7	-0.72881	8	-0.71429	9	-0.83511	10	-0.54375	11	-0.36774	12	-0.60448	13	-0.5037	14	-0.045455	15	-0.15789	16	-0.92647	17	-0.94313	18	1	19	1
19	-1e30	0	0	-0.7913	1	-0.63793	2	-0.69725	3	-0.41441	4	-0.39855	5	-0.14545	6	-0.50382	7	-0.86441	8	-0.64286	9	-0.71809	10	-0.49062	11	-0.25651	12	-0.46269	13	-0.51111	15	-0.31579	16	-0.93627	17	-0.90995	18	1	19	1
19	-1e30	0	0	-0.73913	1	-0.77586	2	-0.66972	3	-0.5015	4	-0.5	5	-0.14545	6	-0.5458	7	-0.77966	8	-0.64286	9	-0.78723	10	-0.54063	11	-0.30762	12	-0.65672	13	-0.52593	14	-0.090909	16	-0.93137	17	-0.94313	18	1	19	1
19	-1e30	0	0	-0.76522	1	-0.68966	2	-0.50459	3	-0.34234	4	-0.38406	5	-0.12727	6	-0.50382	7	-0.89831	8	-0.64286	9	-0.73936	10	-0.44375	11	-0.2495	12	-0.58955	13	-0.64444	15	-0.18421	16	-0.86275	17	-0.8673	18	1	19	1
20	-1e30	0	0	-0.83478	1	-0.75862	2	-0.77982	3	-0.4985	4	-0.47826	5	-0.18182	6	-0.5916	7	-0.72881	8	-0.67857	9	-0.79787	10	-0.52187	11	-0.35571	12	-0.59328	13	-0.4963	14	-0.13636	15	-0.26316	16	-0.94118	17	-0.95735	18	1	19	1
20	-1e30	0	0	-0.83478	1	-0.7931	2	-0.80734	3	-0.52252	4	-0.49275	5	-0.18182	6	-0.5916	7	-0.72881	8	-0.67857	9	-0.78723	10	-0.54063	11	-0.35471	12	-0.6791	13	-0.51111	14	-0.63636	15	-0.39474	16	-0.95098	17	-0.95735	18	1	19	1
20	-1e30	0	0	-0.7913	1	-0.72414	2	-0.6055	3	-0.42643	4	-0.42029	5	-0.16364	6	-0.51145	7	-0.84746	8	-0.64286	9	-0.75532	10	-0.50938	11	-0.26854	12	-0.61194	13	-0.51111	14	-0.27273	15	-0.13158	16	-0.93627	17	-0.93365	18	1	19	1
19	-1e30	0	0	-0.8087	1	-0.7931	2	-0.77982	3	-0.50751	4	-0.47826	5	-0.16364	6	-0.57634	7	-0.74576	8	-0.67857	9	-0.78191	10	-0.52812	11	-0.33968	12	-0.66791	13	-0.4963	15	-0.10526	16	-0.95588	17	-0.96682	18	1	19	1
20	-1e30	0	0	-0.73913	1	-0.62069	2	-0.46789	3	-0.34535	4	-0.4058	5	-0.090909	6	-0.4542	7	-0.9661	8	-0.60714	9	-0.65957	10	-0.43438	11	-0.20741	12	-0.47388	13	-0.6	14	-0.59091	15	-0.13158	16	-0.88725	17	-0.87204	18	1	19	1
20	-1e30	0	0	-0.73913	1	-0.68966	2	-0.66055	3	-0.41742	4	-0.42754	5	-0.090909	6	-0.50382	7	-0.84746	8	-0.64286	9	-0.71809	10	-0.49688	11	-0.26052	12	-0.5597	13	-0.5037	14	-0.13636	15	-0.23684	16	-0.93627	17	-0.92417	18	1	19	1
20	-1e30	0	0	-0.8	1	-0.62069	2	-0.7156	3	-0.4955	4	-0.41304	5	-0.14545	6	-0.58397	7	-0.72881	8	-0.67857	9	-0.68085	10	-0.52812	11	-0.3497	12	-0.46269	13	-0.44444	14	-0.18182	15	-0.5	16	-0.9951	17	-1	18	1	19	1
20	-1e30	0	0	-0.95652	1	-0.87931	2	-0.95413	3	-0.57357	4	-0.41304	5	-0.21818	6	-0.81298	7	-0.52542	8	-0.85714	9	-0.8617	10	-0.70625	11	-0.67535	12	-0.70896	13	-0.5037	14	-0.81818	15	-0.052632	16	-0.93627	17	-0.94313	18	1	19	1
19	-1e30	0	0	-0.88696	1	-0.93103	2	-0.97248	3	-0.66366	4	-0.49275	5	-0.2	6	-0.79008	7	-0.54237	8	-0.85714	9	-0.87234	10	-0.7125	11	-0.63928	12	-0.88806	13	-0.52593	15	-0.68421	16	-0.92647	17	-0.94787	18	1	19	1
20	-1e30	0	0	-0.73043	1	-0.60345	2	-0.48624	3	-0.36637	4	-0.41304	5	-0.072727	6	-0.44275	7	-1	8	-0.60714	9	-0.65426	10	-0.42188	11	-0.19639	12	-0.47761	13	-0.56296	14	-0.45455	15	-0.71053	16	-0.89706	17	-0.90047	18	1	19	1
20	-1e30	0	0	-0.89565	1	-0.7931	2	-0.97248	3	-0.62763	4	-0.47826	5	-0.18182	6	-0.77481	7	-0.55932	8	-0.82143	9	-0.79255	10	-0.67812	11	-0.61323	12	-0.78358	13	-0.51852	14	-0.40909	15	-0.26316	16	-0.93627	17	-0.94313	18	1	19	1
20	-1e30	0	0	-0.77391	1	-0.72414	2	-0.73394	3	-0.45345	4	-0.44928	5	-0.10909	6	-0.54962	7	-0.77966	8	-0.67857	9	-0.73936	10	-0.51875	11	-0.30862	12	-0.63433	13	-0.54815	14	-0.77273	15	-0.34211	16	-0.90686	17	-0.89573	18	1	19	1
20	-1e30	0	0	-0.93913	1	-0.91379	2	-0.94495	3	-0.60661	4	-0.46377	5	-0.18182	6	-0.83969	7	-0.50847	8	-0.89286	9	-0.89362	10	-0.7	11	-0.71242	12	-0.79851	13	-0.54074	14	-0.5	15	-0.26316	16	-0.92157	17	-0.94313	18	1	19	1
20	-1e30	0	0	-0.94783	1	-0.91379	2	-1	3	-0.66366	4	-0.5	5	-0.21818	6	-0.84351	7	-0.52542	8	-0.89286	9	-0.89894	10	-0.70625	11	-0.71343	12	-0.79104	13	-0.53333	14	-0.59091	15	-0.73684	16	-0.92157	17	-0.95261	18	1	19	1
20	-1e30	0	0	-0.77391	1	-0.63793	2	-0.49541	3	-0.35736	4	-0.38406	5	-0.090909	6	-0.51145	7	-0.84746	8	-0.64286	9	-0.67553	10	-0.47187	11	-0.26653	12	-0.54478	13	-0.58519	14	-0.72727	15	-0.36842	16	-0.90196	17	-0.87678	18	1	19	1
20	-1e30	0	0	-0.7913	1	-0.62069	2	-0.66055	3	-0.48649	4	-0.43478	5	-0.14545	6	-0.57252	7	-0.74576	8	-0.67857	9	-0.70745	10	-0.51875	11	-0.33467	12	-0.45149	13	-0.46667	14	-0.090909	15	-0.57895	16	-0.96078	17	-0.97156	18	1	19	1
20	-1e30	0	0	-0.82609	1	-0.91379	2	-0.87156	3	-0.60661	4	-0.47101	5	-0.18182	6	-0.73664	7	-0.57627	8	-0.78571	9	-0.85106	10	-0.6875	11	-0.56012	12	-0.88433	13	-0.52593	14	-0.13636	15	-0.052632	16	-0.92157	17	-0.92891	18	1	19	1
20	-1e30	0	0	-0.7913	1	-0.74138	2	-0.66055	3	-0.42643	4	-0.4058	5	-0.12727	6	-0.5687	7	-0.76271	8	-0.67857	9	-0.74468	10	-0.525	11	-0.32766	12	-0.61567	13	-0.53333	14	-0.59091	15	-0.60526	16	-0.91176	17	-0.90521	18	1	19	1
20	-1e30	0	0	-1	1	-0.87931	2	-0.91743	3	-0.6036	4	-0.43478	5	-0.21818	6	-0.74809	7	-0.57627	8	-0.82143	9	-0.8617	10	-0.64687	11	-0.57415	12	-0.68657	13	-0.45926	14	-1	15	-0.026316	16	-0.97059	17	-0.98578	18	1	19	1
20	-1e30	0	0	-0.89565	1	-0.91379	2	-0.97248	3	-0.51652	4	-0.39855	5	-0.18182	6	-0.80916	7	-0.54237	8	-0.85714	9	-0.89362	10	-0.6875	11	-0.66132	12	-0.83209	13	-0.54074	14	-0.72727	15	-0.63158	16	-0.91667	17	-0.93365	18	1	19	1
20	-1e30	0	0	-0.85217	1	-0.65517	2	-0.7156	3	-0.57357	4	-0.47101	5	-0.14545	6	-0.64504	7	-0.66102	8	-0.71429	9	-0.7234	10	-0.61562	11	-0.43086	12	-0.52612	13	-0.4963	14	-0.40909	15	-0.52632	16	-0.94118	17	-0.94313	18	1	19	1
20	-1e30	0	0	-0.83478	1	-0.67241	2	-0.58716	3	-0.33333	4	-0.34783	5	-0.14545	6	-0.51145	7	-0.88136	8	-0.64286	9	-0.75	10	-0.5	11	-0.25852	12	-0.51866	13	-0.59259	14	-0.31818	15	-0.52632	16	-0.89706	17	-0.87204	18	1	19	1
20	-1e30	0	0	-0.76522	1	-0.72414	2	-0.58716	3	-0.45345	4	-0.44928	5	-0.14545	6	-0.49618	7	-0.86441	8	-0.64286	9	-0.75532	10	-0.46875	11	-0.25351	12	-0.60075	13	-0.46667	14	-0.13636	15	-0.052632	16	-0.9951	17	-0.99526	18	1	19	1
20	-1e30	0	0	-0.75652	1	-0.63793	2	-0.47706	3	-0.34835	4	-0.3913	5	-0.10909	6	-0.43893	7	-0.98305	8	-0.60714	9	-0.67021	10	-0.42188	11	-0.19639	12	-0.53731	13	-0.54815	14	-0.5	15	-0.57895	16	-0.91176	17	-0.90047	18	1	19	1
20	-1e30	0	0	-0.8087	1	-0.63793	2	-0.6422	3	-0.37838	4	-0.37681	5	-0.16364	6	-0.48473	7	-0.89831	8	-0.64286	9	-0.72872	10	-0.4875	11	-0.23848	12	-0.44403	13	-0.52593	14	-0.090909	15	-0.34211	16	-0.93627	17	-0.90047	18	1	19	1
19	-1e30	0	0	-0.74783	1	-0.74138	2	-0.62385	3	-0.45045	4	-0.46377	5	-0.16364	6	-0.52672	7	-0.81356	8	-0.64286	9	-0.76064	10	-0.50313	11	-0.28557	12	-0.64925	13	-0.51111	14	-0.27273	16	-0.94118	17	-0.95261	18	1	19	1
20	-1e30	0	0	-0.72174	1	-0.68966	2	-0.48624	3	-0.34234	4	-0.38406	5	-0.10909	6	-0.50382	7	-0.89831	8	-0.64286	9	-0.74468	10	-0.44375	11	-0.24749	12	-0.58582	13	-0.63704	14	-0.36364	15	-0.18421	16	-0.86275	17	-0.8673	18	1	19	1
20	-1e30	0	0	-0.76522	1	-0.7069	2	-0.73394	3	-0.44144	4	-0.44928	5	-0.14545	6	-0.55725	7	-0.76271	8	-0.67857	9	-0.76596	10	-0.52812	11	-0.31864	12	-0.60075	13	-0.52593	14	-0.18182	15	-0.42105	16	-0.92157	17	-0.93365	18	1	19	1
20	-1e30	0	0	-0.78261	1	-0.82759	2	-0.70642	3	-0.3964	4	-0.4058	5	-0.18182	6	-0.59924	7	-0.74576	8	-0.71429	9	-0.87234	10	-0.52812	11	-0.35471	12	-0.69776	13	-0.57778	14	-0.045455	15	-0.078947	16	-0.89216	17	-0.90521	18	1	19	1
20	-1e30	0	0	-0.78261	1	-0.82759	2	-0.77982	3	-0.47147	4	-0.46377	5	-0.2	6	-0.6145	7	-0.72881	8	-0.71429	9	-0.8883	10	-0.54688	11	-0.37575	12	-0.69403	13	-0.54815	14	-0.13636	15	-0.42105	16	-0.90686	17	-0.92417	18	1	19	1
20	-1e30	0	0	-0.82609	1	-0.7069	2	-0.75229	3	-0.51051	4	-0.47101	5	-0.16364	6	-0.55344	7	-0.77966	8	-0.67857	9	-0.77128	10	-0.50938	11	-0.31463	12	-0.52239	13	-0.47407	14	-0.18182	15	-0.21053	16	-0.97549	17	-0.98104	18	1	19	1
20	-1e30	0	0	-0.77391	1	-0.72414	2	-0.6055	3	-0.37538	4	-0.38406	5	-0.12727	6	-0.5	7	-0.86441	8	-0.64286	9	-0.76596	10	-0.50625	11	-0.25451	12	-0.60448	13	-0.54074	14	-0.45455	15	-0.44737	16	-0.92157	17	-0.90521	18	1	19	1
20	-1e30	0	0	-0.82609	1	-0.84483	2	-0.75229	3	-0.41742	4	-0.4058	5	-0.2	6	-0.60687	7	-0.72881	8	-0.71429	9	-0.8617	10	-0.54063	11	-0.36573	12	-0.6903	13	-0.55556	14	-0.31818	15	-0.26316	16	-0.89216	17	-0.90521	18	1	19	1
20	-1e30	0	0	-0.75652	1	-0.77586	2	-0.6055	3	-0.41742	4	-0.42029	5	-0.14545	6	-0.53435	7	-0.79661	8	-0.64286	9	-0.78723	10	-0.525	11	-0.29459	12	-0.65299	13	-0.54074	14	-0.13636	15	-0.31579	16	-0.92157	17	-0.92891	18	1	19	1
20	-1e30	0	0	-0.82609	1	-0.74138	2	-0.69725	3	-0.42643	4	-0.41304	5	-0.18182	6	-0.57634	7	-0.74576	8	-0.67857	9	-0.79255	10	-0.54063	11	-0.33968	12	-0.59328	13	-0.52593	14	-0.090909	15	-0.60526	16	-0.91667	17	-0.94787	18	1	19	1
20	-1e30	0	0	-0.78261	1	-0.75862	2	-0.66055	3	-0.47147	4	-0.46377	5	-0.14545	6	-0.5229	7	-0.81356	8	-0.64286	9	-0.76596	10	-0.49688	11	-0.28357	12	-0.63806	13	-0.48148	14	-0.40909	15	-0.10526	16	-0.96078	17	-0.96209	18	1	19	1
20	-1e30	0	0	-0.77391	1	-0.7931	2	-0.77064	3	-0.48949	4	-0.47826	5	-0.2	6	-0.60687	7	-0.72881	8	-0.71429	9	-0.84574	10	-0.54063	11	-0.36874	12	-0.65672	13	-0.53333	14	-0.045455	15	-0.52632	16	-0.91176	17	-0.93365	18	1	19	1
20	-1e30	0	0	-0.73913	1	-0.62069	2	-0.6055	3	-0.36937	4	-0.39855	5	-0.090909	6	-0.45802	7	-0.94915	8	-0.60714	9	-0.68085	10	-0.4375	11	-0.21242	12	-0.48881	13	-0.54074	14	-0.045455	15	-0.47368	16	-0.91176	17	-0.90047	18	1	19	1
20	-1e30	0	0	-0.83478	1	-0.86207	2	-0.86239	3	-0.64565	4	-0.48551	5	-0.16364	6	-0.71374	7	-0.59322	8	-0.78571	9	-0.84043	10	-0.66875	11	-0.52605	12	-0.79851	13	-0.4963	14	-0.36364	15	-0.15789	16	-0.94608	17	-0.95261	18	1	19	1
20	-1e30	0	0	-0.95652	1	-0.7931	2	-0.91743	3	-0.59159	4	-0.44203	5	-0.16364	6	-0.73664	7	-0.57627	8	-0.78571	9	-0.79255	10	-0.65312	11	-0.56212	12	-0.59701	13	-0.48148	14	-0.5	15	-0.18421	16	-0.95098	17	-0.96209	18	1	19	1
20	-1e30	0	0	-0.75652	1	-0.7069	2	-0.6055	3	-0.42042	4	-0.42029	5	-0.10909	6	-0.56489	7	-0.77966	8	-0.67857	9	-0.7234	10	-0.5125	11	-0.31864	12	-0.66418	13	-0.58519	14	-0.86364	15	-0.052632	16	-0.88725	17	-0.87678	18	1	19	1
20	-1e30	0	0	-0.77391	1	-0.81034	2	-0.76147	3	-0.50751	4	-0.44203	5	-0.14545	6	-0.62595	7	-0.67797	8	-0.71429	9	-0.79787	10	-0.59062	11	-0.40281	12	-0.70896	13	-0.53333	14	-0.31818	15	-0.26316	16	-0.91667	17	-0.91469	18	1	19	1
20	-1e30	0	0	-0.95652	1	-0.91379	2	-0.95413	3	-0.66967	4	-0.47826	5	-0.18182	6	-0.80534	7	-0.54237	8	-0.85714	9	-0.87234	10	-0.69688	11	-0.66032	12	-0.78358	13	-0.4963	14	-0.22727	15	-0.42105	16	-0.93137	17	-0.96209	18	1	19	1
