8	107	753	0
-1	1
-1	1
-1	1
-1	1
-1	1
-1e30	1e30
0.001	1e30
-1	1
7	-1e30	0	0	0.75	1	0.91026	2	0.33333	3	0.25	4	0.75	5	-1	6	1
7	-1e30	0	0	0.59375	1	0.97436	2	0.33333	3	0.75	4	1	5	-1	6	1
7	-1e30	0	0	0.53125	1	0.91026	2	0.33333	3	0.25	4	1	5	-1	6	1
7	-1e30	0	0	0.59375	1	0.91026	2	0.33333	3	1	4	1	5	-1	6	1
7	-1e30	0	0	0.5625	1	0.89744	2	0.33333	3	-1	4	1	5	-1	6	1
7	-1e30	0	0	0.625	1	0.88462	2	0.33333	3	0.25	4	1	5	-1	6	1
6	-1e30	0	0	0.84375	1	0.91026	2	0.66667	4	0.75	5	-1	6	1
7	-1e30	0	0	0.71875	1	0.91026	2	0.33333	3	1	4	0.75	5	-1	6	1
7	-1e30	0	0	0.625	1	0.94872	2	0.33333	3	-0.5	4	1	5	-1	6	1
6	-1e30	0	0	0.6875	1	0.83333	2	0.33333	4	1	5	-1	6	1
7	-1e30	0	0	0.39062	1	0.96154	2	0.16667	3	-0.5	4	1	5	-1	6	1
7	-1e30	0	0	0.59375	1	0.91026	2	0.33333	3	0.5	4	1	5	-1	6	1
7	-1e30	0	0	0.59375	1	0.91026	2	0.33333	3	0.25	4	1	5	-1	6	1
7	-1e30	0	0	0.53125	1	0.88462	2	0.33333	3	0.25	4	1	5	-1	6	1
7	-1e30	0	0	0.5625	1	0.84615	2	0.5	3	0.5	4	1	5	-1	6	1
7	-1e30	0	0	0.71875	1	0.88462	2	0.33333	3	0.25	4	1	5	-1	6	1
7	-1e30	0	0	0.5625	1	0.94872	2	0.33333	3	0.25	4	1	5	-1	6	1
7	-1e30	0	0	0.6875	1	0.91026	2	0.16667	3	0.75	4	1	5	-1	6	1
6	-1e30	0	0	0.53125	1	0.9359	2	0.33333	4	1	5	-1	6	1
7	-1e30	0	0	0.6875	1	0.88462	2	0.33333	3	0.25	4	1	5	-1	6	1
7	-1e30	0	0	0.5625	1	0.88462	2	0.33333	3	0.5	4	1	5	-1	6	1
7	-1e30	0	0	0.5625	1	0.84615	2	0.16667	3	0.5	4	1	5	-1	6	1
6	-1e30	0	0	0.625	1	0.91026	2	0.33333	4	1	5	-1	6	1
7	-1e30	0	0	0.51562	1	0.88462	2	0.16667	3	0.75	4	1	5	-1	6	1
7	-1e30	0	0	0.59375	1	0.92308	2	0.33333	3	-0.25	4	1	5	-1	6	1
7	-1e30	0	0	0.625	1	0.94872	2	0.33333	3	0.25	4	1	5	-1	6	1
7	-1e30	0	0	0.84375	1	0.88462	2	0.66667	3	-0.25	4	0.75	5	-1	6	1
7	-1e30	0	0	0.625	1	0.94872	2	0.33333	3	0.75	4	1	5	-1	6	1
7	-1e30	0	0	0.53125	1	0.97436	2	0.33333	3	0.5	4	1	5	-1	6	1
7	-1e30	0	0	0.5625	1	0.94872	2	0.33333	3	-0.5	4	1	5	-1	6	1
7	-1e30	0	0	0.9375	1	0.94872	2	0.66667	3	-0.25	4	0.75	5	-1	6	1
7	-1e30	0	0	0.75	1	0.88462	2	0.66667	3	-0.25	4	0.75	5	-1	6	1
6	-1e30	0	0	0.5625	1	0.88462	2	0.66667	4	1	5	-1	6	1
7	-1e30	0	0	0.625	1	0.89744	2	0.33333	3	-0.75	4	1	5	-1	6	1
7	-1e30	0	0	0.6875	1	0.88462	2	0.66667	3	0.75	4	1	5	-1	6	1
7	-1e30	0	0	0.59375	1	0.94872	2	0.33333	3	-0.5	4	1	5	-1	6	1
7	-1e30	0	0	0.53125	1	0.88462	2	0.33333	3	0.25	4	1	5	-1	6	1
7	-1e30	0	0	0.53125	1	0.97436	2	0.33333	3	0.25	4	1	5	-1	6	1
7	-1e30	0	0	0.65625	1	0.89744	2	0.33333	3	-0.5	4	1	5	-1	6	1
6	-1e30	0	0	0.40625	1	0.91026	2	0.66667	4	1	5	-1	6	1
7	-1e30	0	0	0.5625	1	0.82051	2	0.66667	4	1	7	1	5	-1	6	1
8	-1e30	0	0	0.5625	1	0.85897	2	0.33333	3	-0.25	4	1	7	1	5	-1	6	1
8	-1e30	0	0	0.5625	1	0.89744	2	0.33333	3	-0.5	4	1	7	1	5	-1	6	1
8	-1e30	0	0	0.65625	1	0.94872	2	1	3	-0.5	4	0.75	7	1	5	-1	6	1
8	-1e30	0	0	0.5625	1	0.88462	2	0.33333	3	0.5	4	1	7	1	5	-1	6	1
8	-1e30	0	0	0.625	1	0.91026	2	1	3	0.5	4	1	7	1	5	-1	6	1
7	-1e30	0	0	0.5625	1	0.79487	2	0.33333	4	1	7	1	5	-1	6	1
8	-1e30	0	0	0.5625	1	0.83333	2	0.33333	3	-0.75	4	1	7	1	5	-1	6	1
7	-1e30	0	0	0.5625	1	0.92308	2	0.33333	4	1	7	1	5	-1	6	1
8	-1e30	0	0	0.5625	1	0.85897	2	0.33333	3	0.25	4	1	7	1	5	-1	6	1
7	-1e30	0	0	-0.78125	1	-0.92308	2	-0.33333	3	-0.25	4	-0.75	5	1	6	1
7	-1e30	0	0	-0.625	1	-0.94872	2	-0.33333	3	-0.75	4	-1	5	1	6	1
7	-1e30	0	0	-0.625	1	-0.97436	2	-0.33333	3	-1	4	-1	5	1	6	1
7	-1e30	0	0	-0.51562	1	-0.85897	2	-0.16667	3	-0.25	4	-1	5	1	6	1
7	-1e30	0	0	-0.75	1	-0.94872	2	-0.66667	3	0.25	4	-1	5	1	6	1
7	-1e30	0	0	-0.84375	1	-0.88462	2	-0.33333	3	-0.75	4	-0.75	5	1	6	1
7	-1e30	0	0	-0.59375	1	-0.87179	2	-0.33333	3	1	4	-1	5	1	6	1
7	-1e30	0	0	-0.65625	1	-0.91026	2	-0.33333	3	-0.25	4	-1	5	1	6	1
6	-1e30	0	0	-0.625	1	-0.88462	2	-0.66667	4	-1	5	1	6	1
6	-1e30	0	0	-0.90625	1	-0.88462	2	-0.33333	4	-0.75	5	1	6	1
7	-1e30	0	0	-0.75	1	-0.94872	2	-0.33333	3	-1	4	-0.75	5	1	6	1
6	-1e30	0	0	-0.71875	1	-0.82051	2	-0.33333	4	-1	5	1	6	1
7	-1e30	0	0	-0.59375	1	-0.94872	2	-0.33333	3	-0.25	4	-1	5	1	6	1
7	-1e30	0	0	-0.70312	1	-0.9359	2	-0.16667	3	-0.75	4	-1	5	1	6	1
7	-1e30	0	0	-0.71875	1	-0.88462	2	-0.33333	3	-0.25	4	-1	5	1	6	1
7	-1e30	0	0	-0.59375	1	-0.88462	2	-0.33333	3	-0.5	4	-1	5	1	6	1
7	-1e30	0	0	-0.57812	1	-0.87179	2	-0.16667	3	-0.5	4	-1	5	1	6	1
6	-1e30	0	0	-0.65625	1	-0.92308	2	-0.33333	4	-1	5	1	6	1
7	-1e30	0	0	-0.53125	1	-0.84615	2	-0.33333	3	-0.75	4	-1	5	1	6	1
7	-1e30	0	0	-0.625	1	-0.94872	2	-0.33333	3	0.25	4	-1	5	1	6	1
7	-1e30	0	0	-0.65625	1	-0.94872	2	-0.33333	3	-0.25	4	-1	5	1	6	1
7	-1e30	0	0	-0.90625	1	-0.92308	2	-0.33333	3	0.25	4	-0.75	5	1	6	1
6	-1e30	0	0	-0.59375	1	-0.88462	2	-0.33333	4	-1	5	1	6	1
7	-1e30	0	0	-0.6875	1	-0.88462	2	-0.33333	3	0.5	4	-1	5	1	6	1
7	-1e30	0	0	-0.65625	1	-0.88462	2	-0.33333	3	0.25	4	-1	5	1	6	1
7	-1e30	0	0	-0.71875	1	-0.84615	2	-0.33333	3	0.5	4	-1	5	1	6	1
7	-1e30	0	0	-0.65625	1	-0.94872	2	-0.33333	3	-0.75	4	-1	5	1	6	1
7	-1e30	0	0	-0.5625	1	-1	2	-0.16667	3	-0.5	4	-1	5	1	6	1
7	-1e30	0	0	-0.59375	1	-0.92308	2	-0.33333	3	0.5	4	-1	5	1	6	1
7	-1e30	0	0	-0.65625	1	-0.89744	2	-0.33333	3	0.25	4	-1	5	1	6	1
7	-1e30	0	0	-0.59375	1	-0.91026	2	-0.33333	3	-0.75	4	-1	5	1	6	1
6	-1e30	0	0	-0.75	1	-0.88462	2	-0.33333	4	-1	5	1	6	1
7	-1e30	0	0	-0.78125	1	-0.92308	2	-0.33333	3	0.5	4	-0.75	5	1	6	1
7	-1e30	0	0	-0.59375	1	-0.85897	2	-0.33333	3	0.75	4	-1	5	1	6	1
7	-1e30	0	0	-1	1	-0.92308	2	-0.33333	3	0.25	4	-0.75	5	1	6	1
6	-1e30	0	0	-0.6875	1	-0.85897	2	-0.33333	4	-1	5	1	6	1
7	-1e30	0	0	-0.8125	1	-0.85897	2	-0.33333	3	0.25	4	-0.75	5	1	6	1
7	-1e30	0	0	-0.65625	1	-0.89744	2	-0.33333	3	0.75	4	-1	5	1	6	1
7	-1e30	0	0	-0.75	1	-0.91026	2	-0.33333	3	-0.75	4	-1	5	1	6	1
7	-1e30	0	0	-0.625	1	-0.89744	2	-0.33333	3	0.5	4	-1	5	1	6	1
7	-1e30	0	0	-0.59375	1	-0.89744	2	-0.33333	3	0.5	4	-1	5	1	6	1
7	-1e30	0	0	-0.5625	1	-0.85897	2	-0.33333	3	-0.25	4	-1	5	1	6	1
7	-1e30	0	0	-0.6875	1	-0.92308	2	-0.33333	3	0.5	4	-1	5	1	6	1
8	-1e30	0	0	-0.5625	1	-0.88462	2	-0.33333	3	-0.25	4	-1	7	-1	5	1	6	1
8	-1e30	0	0	-0.5625	1	-0.79487	2	-0.33333	3	-0.5	4	-1	7	-1	5	1	6	1
8	-1e30	0	0	-0.5625	1	-0.83333	2	-0.66667	3	0.25	4	-1	7	-1	5	1	6	1
8	-1e30	0	0	-0.8125	1	-0.9359	2	-0.33333	3	-0.75	4	-1	7	-1	5	1	6	1
7	-1e30	0	0	-0.4375	1	-0.97436	2	-0.66667	4	-1	7	-1	5	1	6	1
8	-1e30	0	0	-0.6875	1	-0.9359	2	-0.66667	3	-0.25	4	-1	7	-1	5	1	6	1
8	-1e30	0	0	-0.5625	1	-0.9359	2	-0.33333	3	-0.5	4	-1	7	-1	5	1	6	1
8	-1e30	0	0	-0.5625	1	-0.9359	2	-0.33333	3	-0.75	4	-1	7	-1	5	1	6	1
8	-1e30	0	0	-0.6875	1	-0.85897	2	-0.33333	3	0.25	4	-1	7	-1	5	1	6	1
8	-1e30	0	0	-0.5625	1	-0.85897	2	-0.33333	3	-0.25	4	-1	7	-1	5	1	6	1
7	-1e30	0	0	-0.5625	1	-0.94872	2	-0.33333	4	-1	7	-1	5	1	6	1
7	-1e30	0	0	-0.625	1	-0.91026	2	-0.66667	4	-1	7	-1	5	1	6	1
8	-1e30	0	0	-0.5625	1	-0.94872	2	-0.33333	3	-0.25	4	-1	7	-1	5	1	6	1
7	-1e30	0	0	-0.46875	1	-0.88462	2	-0.33333	4	-1	7	-1	5	1	6	1
