20	142	2840	0
-1	1
-1	1
-1	1
-1	1
-1	1
-1	1
-1	1
-1	1
-1	1
-1	1
-1	1
-1	1
-1	1
-1	1
-1	1
-1	1
-1	1
-1	1
-1e30	1e30
0.001	1e30
20	-1e30	0	0	0.75	1	1	2	0.5	3	0.5	4	1	5	1	6	0.5	7	1	8	0.5	9	0.75	10	1	11	0.5	12	0.75	13	0.5	14	0.66667	15	1	16	1	17	0.25	18	-1	19	1
20	-1e30	0	0	0.75	1	0.5	2	0.5	3	0.5	4	0.5	5	0.5	6	0.5	7	0.5	8	0.5	9	0.5	10	0.66667	11	1	12	0.75	13	0.625	14	0.33333	15	1	16	1	17	0.125	18	-1	19	1
20	-1e30	0	0	0.5	1	0.5	2	0.5	3	0.5	4	0.5	5	0.5	6	0.5	7	1	8	0.5	9	0.75	10	1	11	0.75	12	0.75	13	0.75	14	1	15	0.5	16	1	17	0.5	18	-1	19	1
20	-1e30	0	0	0.5	1	1	2	0.5	3	0.5	4	0.5	5	0.5	6	0.5	7	1	8	0.5	9	0.5	10	1	11	0.5	12	0.75	13	1	14	0.66667	15	0.5	16	0.5	17	0.125	18	-1	19	1
20	-1e30	0	0	0.75	1	1	2	0.5	3	0.5	4	0.5	5	1	6	0.5	7	1	8	0.5	9	0.5	10	0.66667	11	0.5	12	0.5	13	0.125	14	1	15	0.5	16	0.5	17	0.125	18	-1	19	1
20	-1e30	0	0	0.5	1	1	2	1	3	0.5	4	1	5	1	6	0.5	7	1	8	0.5	9	0.75	10	0.66667	11	1	12	0.75	13	0.625	14	0.33333	15	1	16	1	17	0.375	18	-1	19	1
20	-1e30	0	0	1	1	1	2	0.5	3	0.5	4	0.5	5	1	6	0.5	7	0.5	8	0.5	9	0.75	10	1	11	1	12	0.75	13	1	14	1	15	1	16	1	17	0.25	18	-1	19	1
20	-1e30	0	0	1	1	1	2	0.5	3	0.5	4	0.5	5	0.5	6	0.5	7	1	8	0.5	9	0.5	10	0.66667	11	0.5	12	0.5	13	0.375	14	0.66667	15	0.5	16	0.5	17	0.125	18	-1	19	1
20	-1e30	0	0	0.5	1	1	2	0.5	3	0.5	4	0.5	5	1	6	0.5	7	1	8	0.5	9	0.5	10	1	11	0.75	12	0.75	13	0.625	14	1	15	1	16	1	17	0.25	18	-1	19	1
20	-1e30	0	0	0.75	1	1	2	0.5	3	0.5	4	0.5	5	1	6	0.5	7	1	8	0.5	9	0.5	10	1	11	0.75	12	0.75	13	0.25	14	0.66667	15	1	16	1	17	0.375	18	-1	19	1
20	-1e30	0	0	0.5	1	1	2	0.5	3	0.5	4	0.5	5	1	6	0.5	7	0.5	8	0.5	9	0.5	10	0.66667	11	0.5	12	0.75	13	0.625	14	0.66667	15	0.5	16	1	17	0.25	18	-1	19	1
20	-1e30	0	0	0.75	1	0.5	2	0.5	3	0.5	4	0.5	5	0.5	6	0.5	7	1	8	0.5	9	0.5	10	0.66667	11	0.5	12	0.75	13	0.25	14	0.33333	15	1	16	1	17	0.125	18	-1	19	1
20	-1e30	0	0	0.5	1	1	2	0.5	3	0.5	4	0.5	5	0.5	6	0.5	7	1	8	0.5	9	0.75	10	1	11	0.75	12	0.75	13	0.25	14	0.66667	15	1	16	0.5	17	0.125	18	-1	19	1
20	-1e30	0	0	1	1	1	2	0.5	3	0.5	4	1	5	1	6	0.5	7	1	8	0.5	9	1	10	1	11	1	12	0.75	13	0.5	14	0.66667	15	1	16	1	17	0.25	18	-1	19	1
20	-1e30	0	0	0.75	1	1	2	0.5	3	0.5	4	0.5	5	0.5	6	0.5	7	1	8	0.5	9	0.5	10	0.66667	11	0.5	12	0.5	13	0.625	14	0.33333	15	0.5	16	0.5	17	0.125	18	-1	19	1
20	-1e30	0	0	1	1	1	2	0.5	3	0.5	4	0.5	5	0.5	6	0.5	7	1	8	0.5	9	0.5	10	0.66667	11	0.5	12	0.75	13	0.375	14	0.66667	15	1	16	1	17	0.125	18	-1	19	1
20	-1e30	0	0	0.5	1	0.5	2	0.5	3	0.5	4	0.5	5	0.5	6	0.5	7	0.5	8	0.5	9	0.5	10	1	11	0.5	12	0.5	13	1	14	0.33333	15	1	16	0.5	17	0.125	18	-1	19	1
20	-1e30	0	0	0.5	1	1	2	0.5	3	0.5	4	0.5	5	0.5	6	0.5	7	0.5	8	0.5	9	0.25	10	0.66667	11	0.5	12	0.75	13	0.375	14	0.33333	15	0.5	16	0.5	17	0.125	18	-1	19	1
20	-1e30	0	0	1	1	1	2	0.5	3	0.5	4	1	5	1	6	0.5	7	1	8	0.5	9	0.75	10	1	11	1	12	0.75	13	0.5	14	1	15	1	16	1	17	0.25	18	-1	19	1
20	-1e30	0	0	0.5	1	1	2	1	3	0.5	4	1	5	1	6	0.5	7	1	8	0.5	9	0.75	10	1	11	0.75	12	0.75	13	1	14	1	15	0.5	16	1	17	0.25	18	-1	19	1
20	-1e30	0	0	0.75	1	1	2	1	3	0.5	4	0.5	5	1	6	0.5	7	0.5	8	0.5	9	0.75	10	0.66667	11	0.75	12	0.75	13	0.5	14	1	15	0.5	16	1	17	0.25	18	-1	19	1
20	-1e30	0	0	1	1	1	2	0.5	3	0.5	4	1	5	0.5	6	0.5	7	1	8	0.5	9	0.75	10	1	11	0.75	12	0.75	13	0.25	14	0.66667	15	1	16	1	17	0.375	18	-1	19	1
20	-1e30	0	0	0.75	1	1	2	1	3	0.5	4	1	5	0.5	6	0.5	7	1	8	0.5	9	0.5	10	0.66667	11	0.75	12	0.75	13	1	14	1	15	0.5	16	1	17	0.125	18	-1	19	1
20	-1e30	0	0	1	1	0.5	2	0.5	3	0.5	4	0.5	5	0.5	6	0.5	7	0.5	8	1	9	0.25	10	1	11	1	12	0.5	13	1	14	0.33333	15	1	16	1	17	0.125	18	-1	19	1
20	-1e30	0	0	0.75	1	1	2	1	3	0.5	4	0.5	5	1	6	0.5	7	0.5	8	0.5	9	0.5	10	1	11	0.75	12	0.75	13	0.625	14	0.66667	15	0.5	16	1	17	0.25	18	-1	19	1
20	-1e30	0	0	0.5	1	1	2	1	3	0.5	4	0.5	5	0.5	6	0.5	7	1	8	0.5	9	0.5	10	0.66667	11	1	12	0.75	13	1	14	0.66667	15	1	16	1	17	0.25	18	-1	19	1
20	-1e30	0	0	0.5	1	0.5	2	0.5	3	0.5	4	0.5	5	0.5	6	0.5	7	0.5	8	0.5	9	0.25	10	0.33333	11	0.5	12	0.5	13	0.375	14	0.33333	15	1	16	1	17	0.125	18	-1	19	1
20	-1e30	0	0	0.75	1	0.5	2	0.5	3	0.5	4	0.5	5	0.5	6	1	7	0.5	8	0.5	9	0.5	10	0.66667	11	1	12	0.75	13	0.625	14	0.66667	15	0.5	16	1	17	0.125	18	-1	19	1
20	-1e30	0	0	0.5	1	1	2	0.5	3	0.5	4	1	5	1	6	0.5	7	0.5	8	0.5	9	0.75	10	1	11	1	12	0.75	13	0.5	14	1	15	0.5	16	0.5	17	0.125	18	-1	19	1
20	-1e30	0	0	0.5	1	1	2	1	3	0.5	4	1	5	1	6	0.5	7	0.5	8	0.5	9	0.5	10	0.66667	11	0.75	12	0.75	13	0.5	14	0.66667	15	0.5	16	1	17	0.125	18	-1	19	1
20	-1e30	0	0	1	1	1	2	0.5	3	0.5	4	1	5	1	6	0.5	7	1	8	0.5	9	0.5	10	1	11	0.5	12	0.75	13	0.25	14	1	15	1	16	1	17	0.5	18	-1	19	1
20	-1e30	0	0	0.5	1	1	2	1	3	0.5	4	1	5	1	6	0.5	7	1	8	0.5	9	0.75	10	1	11	0.75	12	0.75	13	1	14	1	15	1	16	1	17	0.25	18	-1	19	1
20	-1e30	0	0	0.75	1	1	2	1	3	0.5	4	1	5	1	6	0.5	7	1	8	0.5	9	0.75	10	0.66667	11	0.5	12	0.75	13	0.5	14	0.33333	15	1	16	1	17	0.125	18	-1	19	1
20	-1e30	0	0	1	1	1	2	0.5	3	0.5	4	0.5	5	1	6	0.5	7	0.5	8	0.5	9	0.5	10	1	11	0.5	12	0.75	13	0.25	14	0.66667	15	0.5	16	0.5	17	0.125	18	-1	19	1
20	-1e30	0	0	0.5	1	1	2	0.5	3	0.5	4	0.5	5	0.5	6	0.5	7	0.5	8	0.5	9	0.5	10	0.66667	11	0.75	12	0.75	13	0.625	14	0.66667	15	1	16	1	17	0.125	18	-1	19	1
20	-1e30	0	0	0.75	1	1	2	1	3	0.5	4	1	5	1	6	0.5	7	0.5	8	0.5	9	0.75	10	1	11	1	12	0.75	13	0.5	14	0.66667	15	1	16	1	17	0.375	18	-1	19	1
20	-1e30	0	0	0.75	1	1	2	0.5	3	0.5	4	0.5	5	1	6	0.5	7	1	8	0.5	9	0.75	10	1	11	0.75	12	0.75	13	0.5	14	1	15	1	16	1	17	0.125	18	-1	19	1
20	-1e30	0	0	1	1	1	2	0.5	3	0.5	4	1	5	1	6	0.5	7	0.5	8	0.5	9	0.25	10	1	11	0.75	12	0.75	13	0.375	14	1	15	1	16	1	17	0.375	18	-1	19	1
20	-1e30	0	0	1	1	1	2	1	3	0.5	4	1	5	1	6	0.5	7	1	8	0.5	9	0.75	10	1	11	1	12	0.75	13	1	14	0.66667	15	1	16	1	17	0.375	18	-1	19	1
20	-1e30	0	0	1	1	1	2	1	3	0.5	4	0.5	5	0.5	6	0.5	7	1	8	0.5	9	0.5	10	0.66667	11	0.5	12	0.75	13	0.375	14	0.66667	15	1	16	1	17	0.25	18	-1	19	1
20	-1e30	0	0	0.75	1	0.5	2	0.5	3	0.5	4	1	5	0.5	6	0.5	7	1	8	0.5	9	0.5	10	1	11	0.75	12	0.75	13	0.625	14	1	15	0.5	16	0.5	17	0.125	18	-1	19	1
20	-1e30	0	0	1	1	1	2	0.5	3	0.5	4	0.5	5	0.5	6	0.5	7	0.5	8	0.5	9	1	10	1	11	0.75	12	0.75	13	0.5	14	0.66667	15	1	16	0.5	17	0.125	18	-1	19	1
20	-1e30	0	0	0.5	1	1	2	0.5	3	0.5	4	1	5	1	6	0.5	7	0.5	8	0.5	9	0.5	10	0.66667	11	1	12	0.5	13	1	14	1	15	1	16	1	17	0.125	18	-1	19	1
20	-1e30	0	0	0.5	1	1	2	0.5	3	0.5	4	0.5	5	0.5	6	0.5	7	1	8	0.5	9	0.5	10	1	11	0.75	12	0.75	13	0.625	14	0.66667	15	0.5	16	1	17	0.125	18	-1	19	1
20	-1e30	0	0	0.5	1	1	2	0.5	3	0.5	4	0.5	5	0.5	6	0.5	7	1	8	0.5	9	0.5	10	0.66667	11	0.5	12	0.75	13	1	14	1	15	0.5	16	1	17	0.125	18	-1	19	1
20	-1e30	0	0	0.75	1	0.5	2	0.5	3	0.5	4	0.5	5	0.5	6	0.5	7	1	8	0.5	9	0.75	10	0.66667	11	0.5	12	0.5	13	1	14	0.33333	15	0.5	16	0.5	17	0.125	18	-1	19	1
20	-1e30	0	0	0.5	1	1	2	1	3	0.5	4	0.5	5	1	6	0.5	7	0.5	8	0.5	9	0.5	10	1	11	0.5	12	0.75	13	0.375	14	0.66667	15	0.5	16	0.5	17	0.125	18	-1	19	1
20	-1e30	0	0	0.75	1	1	2	1	3	0.5	4	1	5	1	6	0.5	7	1	8	0.5	9	0.5	10	1	11	0.75	12	1	13	0.25	14	0.66667	15	1	16	0.5	17	0.125	18	-1	19	1
20	-1e30	0	0	0.5	1	0.5	2	0.5	3	0.5	4	0.5	5	0.5	6	0.5	7	0.5	8	0.5	9	0.25	10	0.66667	11	0.5	12	0.75	13	0.375	14	0.33333	15	1	16	1	17	0.125	18	-1	19	1
20	-1e30	0	0	0.75	1	1	2	0.5	3	0.5	4	0.5	5	0.5	6	0.5	7	0.5	8	0.5	9	0.5	10	0.66667	11	0.75	12	0.75	13	0.375	14	1	15	0.5	16	0.5	17	0.25	18	-1	19	1
20	-1e30	0	0	0.5	1	1	2	0.5	3	0.5	4	0.5	5	1	6	0.5	7	1	8	0.5	9	0.5	10	1	11	0.5	12	0.5	13	0.5	14	0.66667	15	0.5	16	0.5	17	0.25	18	-1	19	1
20	-1e30	0	0	0.75	1	1	2	0.5	3	0.5	4	0.5	5	0.5	6	0.5	7	0.5	8	0.5	9	0.5	10	0.66667	11	0.75	12	0.75	13	0.625	14	0.33333	15	0.5	16	0.5	17	0.125	18	-1	19	1
20	-1e30	0	0	0.75	1	1	2	0.5	3	0.5	4	0.5	5	1	6	0.5	7	0.5	8	0.5	9	0.5	10	0.66667	11	1	12	0.75	13	0.5	14	0.33333	15	1	16	1	17	0.25	18	-1	19	1
20	-1e30	0	0	0.5	1	1	2	0.5	3	0.5	4	0.5	5	0.5	6	0.5	7	1	8	0.5	9	0.5	10	0.66667	11	0.75	12	0.75	13	0.25	14	1	15	1	16	1	17	0.25	18	-1	19	1
20	-1e30	0	0	0.5	1	0.5	2	0.5	3	0.5	4	0.5	5	0.5	6	0.5	7	1	8	0.5	9	0.5	10	0.66667	11	0.5	12	0.5	13	0.5	14	0.33333	15	1	16	0.5	17	0.25	18	-1	19	1
20	-1e30	0	0	0.75	1	1	2	0.5	3	0.5	4	1	5	1	6	0.5	7	0.5	8	0.5	9	0.5	10	0.66667	11	1	12	0.75	13	0.25	14	0.33333	15	1	16	1	17	0.375	18	-1	19	1
20	-1e30	0	0	1	1	0.5	2	0.5	3	0.5	4	0.5	5	0.5	6	0.5	7	1	8	0.5	9	0.75	10	1	11	0.5	12	0.5	13	0.5	14	0.66667	15	1	16	1	17	0.25	18	-1	19	1
20	-1e30	0	0	0.75	1	1	2	0.5	3	0.5	4	0.5	5	0.5	6	0.5	7	1	8	0.5	9	0.5	10	1	11	0.75	12	0.75	13	1	14	0.66667	15	1	16	1	17	0.125	18	-1	19	1
20	-1e30	0	0	0.75	1	1	2	0.5	3	0.5	4	0.5	5	1	6	0.5	7	0.5	8	0.5	9	0.5	10	1	11	1	12	0.5	13	0.5	14	0.33333	15	0.5	16	0.5	17	0.125	18	-1	19	1
20	-1e30	0	0	0.5	1	1	2	0.5	3	0.5	4	0.5	5	0.5	6	0.5	7	1	8	0.5	9	0.5	10	1	11	0.75	12	0.75	13	0.625	14	1	15	0.5	16	1	17	0.125	18	-1	19	1
20	-1e30	0	0	0.5	1	0.5	2	0.5	3	0.5	4	0.5	5	0.5	6	0.5	7	0.5	8	0.5	9	0.5	10	1	11	0.75	12	0.75	13	1	14	1	15	0.5	16	0.5	17	0.125	18	-1	19	1
20	-1e30	0	0	0.5	1	0.5	2	0.5	3	0.5	4	0.5	5	0.5	6	0.5	7	0.5	8	0.5	9	0.5	10	0.66667	11	0.5	12	0.5	13	1	14	0.33333	15	0.5	16	0.5	17	0.125	18	-1	19	1
20	-1e30	0	0	1	1	1	2	1	3	0.5	4	0.5	5	1	6	0.5	7	1	8	0.5	9	0.5	10	0.66667	11	0.75	12	0.75	13	1	14	1	15	1	16	1	17	0.25	18	-1	19	1
20	-1e30	0	0	0.5	1	0.5	2	0.5	3	0.5	4	0.5	5	0.5	6	0.5	7	0.5	8	0.5	9	0.25	10	0.66667	11	1	12	0.75	13	1	14	0.66667	15	1	16	1	17	0.25	18	-1	19	1
20	-1e30	0	0	0.5	1	0.5	2	0.5	3	0.5	4	0.5	5	0.5	6	0.5	7	0.5	8	0.5	9	0.5	10	0.66667	11	0.5	12	0.75	13	1	14	0.66667	15	0.5	16	1	17	0.125	18	-1	19	1
20	-1e30	0	0	0.5	1	1	2	1	3	1	4	1	5	1	6	0.5	7	0.5	8	0.5	9	0.5	10	0.66667	11	1	12	0.75	13	1	14	0.66667	15	1	16	1	17	0.375	18	-1	19	1
20	-1e30	0	0	0.75	1	0.5	2	0.5	3	0.5	4	0.5	5	0.5	6	0.5	7	0.5	8	0.5	9	0.5	10	1	11	0.75	12	0.75	13	0.5	14	1	15	0.5	16	1	17	0.25	18	-1	19	1
20	-1e30	0	0	1	1	1	2	0.5	3	0.5	4	0.5	5	1	6	0.5	7	0.5	8	0.5	9	0.5	10	0.66667	11	0.75	12	0.75	13	0.625	14	0.66667	15	0.5	16	1	17	0.125	18	-1	19	1
20	-1e30	0	0	0.5	1	1	2	0.5	3	0.5	4	0.5	5	0.5	6	0.5	7	1	8	0.5	9	0.75	10	1	11	0.75	12	0.75	13	0.375	14	0.66667	15	0.5	16	1	17	0.125	18	-1	19	1
20	-1e30	0	0	0.5	1	1	2	0.5	3	0.5	4	0.5	5	1	6	0.5	7	1	8	0.5	9	0.5	10	0.66667	11	0.75	12	0.75	13	0.5	14	0.66667	15	0.5	16	1	17	0.125	18	-1	19	1
20	-1e30	0	0	0.75	1	1	2	0.5	3	0.5	4	0.5	5	1	6	0.5	7	1	8	0.5	9	0.75	10	0.66667	11	1	12	0.75	13	0.5	14	0.66667	15	1	16	1	17	0.25	18	-1	19	1
20	-1e30	0	0	0.5	1	1	2	0.5	3	0.5	4	0.5	5	0.5	6	0.5	7	1	8	0.5	9	1	10	1	11	1	12	0.5	13	1	14	0.66667	15	0.5	16	1	17	0.5	18	-1	19	1
20	-1e30	0	0	0.75	1	1	2	0.5	3	0.5	4	0.5	5	0.5	6	0.5	7	1	8	0.5	9	0.5	10	1	11	0.75	12	0.75	13	0.625	14	0.66667	15	1	16	0.5	17	0.125	18	-1	19	1
20	-1e30	0	0	0.5	1	1	2	0.5	3	0.5	4	0.5	5	1	6	0.5	7	1	8	0.5	9	0.5	10	0.66667	11	1	12	1	13	0.625	14	1	15	1	16	1	17	0.125	18	-1	19	1
20	-1e30	0	0	0.75	1	1	2	1	3	1	4	1	5	1	6	0.5	7	1	8	0.5	9	0.5	10	1	11	0.75	12	0.75	13	0.5	14	1	15	1	16	1	17	0.875	18	-1	19	1
20	-1e30	0	0	0.5	1	1	2	0.5	3	0.5	4	0.5	5	0.5	6	0.5	7	0.5	8	0.5	9	0.5	10	1	11	0.75	12	0.75	13	0.375	14	1	15	0.5	16	1	17	0.125	18	-1	19	1
20	-1e30	0	0	0.5	1	1	2	0.5	3	0.5	4	0.5	5	0.5	6	0.5	7	0.5	8	0.5	9	0.5	10	1	11	0.75	12	0.75	13	0.25	14	0.66667	15	1	16	1	17	0.125	18	-1	19	1
20	-1e30	0	0	0.5	1	1	2	0.5	3	0.5	4	0.5	5	1	6	0.5	7	1	8	0.5	9	0.5	10	1	11	0.75	12	0.75	13	0.625	14	1	15	1	16	1	17	0.125	18	-1	19	1
20	-1e30	0	0	0.5	1	0.5	2	0.5	3	0.5	4	0.5	5	0.5	6	0.5	7	0.5	8	0.5	9	0.25	10	0.33333	11	0.25	12	0.25	13	0.375	14	0.33333	15	1	16	1	17	0.125	18	-1	19	1
20	-1e30	0	0	0.5	1	0.5	2	0.5	3	0.5	4	0.5	5	0.5	6	0.5	7	1	8	0.5	9	0.5	10	0.66667	11	1	12	0.5	13	0.25	14	0.33333	15	1	16	1	17	0.125	18	-1	19	1
20	-1e30	0	0	0.5	1	1	2	1	3	0.5	4	1	5	1	6	0.5	7	1	8	0.5	9	0.75	10	1	11	1	12	0.75	13	0.5	14	1	15	1	16	1	17	0.75	18	-1	19	1
20	-1e30	0	0	-1	1	-1	2	-0.5	3	-0.5	4	-0.5	5	-0.5	6	-0.5	7	-1	8	-0.5	9	-0.5	10	-0.66667	11	-0.5	12	-1	13	-1	14	-0.33333	15	-0.5	16	-1	17	-0.25	18	1	19	1
20	-1e30	0	0	-0.75	1	-1	2	-1	3	-1	4	-1	5	-1	6	-1	7	-1	8	-0.5	9	-1	10	-1	11	-0.75	12	-1	13	-1	14	-1	15	-1	16	-1	17	-0.875	18	1	19	1
20	-1e30	0	0	-0.75	1	-0.5	2	-0.5	3	-0.5	4	-0.5	5	-1	6	-0.5	7	-1	8	-0.5	9	-0.75	10	-1	11	-1	12	-1	13	-0.5	14	-1	15	-0.5	16	-1	17	-0.75	18	1	19	1
20	-1e30	0	0	-0.5	1	-1	2	-0.5	3	-0.5	4	-0.5	5	-0.5	6	-0.5	7	-1	8	-0.5	9	-0.75	10	-0.66667	11	-0.5	12	-0.5	13	-1	14	-1	15	-0.5	16	-1	17	-0.625	18	1	19	1
20	-1e30	0	0	-0.5	1	-0.5	2	-0.5	3	-0.5	4	-0.5	5	-0.5	6	-0.5	7	-1	8	-0.5	9	-0.5	10	-0.66667	11	-0.75	12	-0.75	13	-0.625	14	-1	15	-0.5	16	-0.5	17	-0.25	18	1	19	1
20	-1e30	0	0	-1	1	-0.5	2	-0.5	3	-0.5	4	-0.5	5	-1	6	-0.5	7	-1	8	-0.5	9	-1	10	-0.66667	11	-0.5	12	-1	13	-0.875	14	-1	15	-1	16	-1	17	-0.25	18	1	19	1
20	-1e30	0	0	-0.75	1	-0.5	2	-0.5	3	-0.5	4	-0.5	5	-0.5	6	-0.5	7	-1	8	-0.5	9	-0.5	10	-0.66667	11	-1	12	-0.5	13	-0.5	14	-1	15	-1	16	-1	17	-0.375	18	1	19	1
20	-1e30	0	0	-1	1	-0.5	2	-0.5	3	-0.5	4	-1	5	-1	6	-0.5	7	-1	8	-0.5	9	-0.75	10	-1	11	-0.75	12	-1	13	-0.625	14	-1	15	-1	16	-1	17	-0.5	18	1	19	1
20	-1e30	0	0	-0.75	1	-0.5	2	-0.5	3	-0.5	4	-0.5	5	-0.5	6	-0.5	7	-1	8	-1	9	-0.25	10	-0.66667	11	-0.5	12	-0.5	13	-1	14	-1	15	-0.5	16	-1	17	-1	18	1	19	1
20	-1e30	0	0	-0.75	1	-0.5	2	-0.5	3	-0.5	4	-0.5	5	-1	6	-0.5	7	-0.5	8	-0.5	9	-0.75	10	-0.66667	11	-0.75	12	-0.75	13	-1	14	-1	15	-1	16	-1	17	-0.25	18	1	19	1
20	-1e30	0	0	-1	1	-0.5	2	-0.5	3	-0.5	4	-0.5	5	-1	6	-0.5	7	-1	8	-0.5	9	-0.75	10	-1	11	-1	12	-0.5	13	-0.5	14	-1	15	-1	16	-1	17	-0.5	18	1	19	1
20	-1e30	0	0	-1	1	-0.5	2	-0.5	3	-0.5	4	-0.5	5	-0.5	6	-0.5	7	-1	8	-0.5	9	-0.75	10	-0.66667	11	-1	12	-1	13	-1	14	-1	15	-1	16	-1	17	-0.125	18	1	19	1
20	-1e30	0	0	-0.75	1	-0.5	2	-0.5	3	-0.5	4	-0.5	5	-0.5	6	-0.5	7	-0.5	8	-0.5	9	-0.5	10	-0.66667	11	-1	12	-0.5	13	-1	14	-0.66667	15	-1	16	-1	17	-0.125	18	1	19	1
20	-1e30	0	0	-1	1	-1	2	-0.5	3	-0.5	4	-0.5	5	-1	6	-0.5	7	-1	8	-0.5	9	-1	10	-1	11	-0.75	12	-0.75	13	-0.875	14	-1	15	-1	16	-1	17	-0.375	18	1	19	1
20	-1e30	0	0	-0.5	1	-0.5	2	-0.5	3	-0.5	4	-0.5	5	-0.5	6	-0.5	7	-1	8	-0.5	9	-0.75	10	-0.66667	11	-0.75	12	-0.75	13	-1	14	-1	15	-1	16	-1	17	-0.375	18	1	19	1
20	-1e30	0	0	-0.75	1	-0.5	2	-0.5	3	-0.5	4	-0.5	5	-1	6	-0.5	7	-1	8	-0.5	9	-1	10	-1	11	-1	12	-0.5	13	-0.5	14	-1	15	-1	16	-1	17	-0.75	18	1	19	1
20	-1e30	0	0	-0.5	1	-0.5	2	-0.5	3	-0.5	4	-0.5	5	-0.5	6	-0.5	7	-1	8	-0.5	9	-0.75	10	-1	11	-0.5	12	-0.75	13	-0.5	14	-1	15	-1	16	-1	17	-0.25	18	1	19	1
20	-1e30	0	0	-0.5	1	-0.5	2	-0.5	3	-0.5	4	-0.5	5	-0.5	6	-0.5	7	-1	8	-0.5	9	-0.5	10	-0.66667	11	-0.5	12	-0.25	13	-0.875	14	-0.33333	15	-1	16	-1	17	-0.25	18	1	19	1
20	-1e30	0	0	-0.5	1	-0.5	2	-0.5	3	-0.5	4	-0.5	5	-1	6	-0.5	7	-1	8	-0.5	9	-0.5	10	-0.66667	11	-0.75	12	-0.75	13	-0.375	14	-1	15	-0.5	16	-1	17	-0.125	18	1	19	1
20	-1e30	0	0	-0.5	1	-1	2	-1	3	-0.5	4	-1	5	-1	6	-1	7	-1	8	-0.5	9	-1	10	-0.66667	11	-0.5	12	-0.5	13	-0.5	14	-1	15	-1	16	-1	17	-0.75	18	1	19	1
20	-1e30	0	0	-0.5	1	-0.5	2	-0.5	3	-0.5	4	-0.5	5	-0.5	6	-0.5	7	-1	8	-0.5	9	-0.5	10	-0.66667	11	-0.5	12	-0.5	13	-1	14	-0.66667	15	-1	16	-1	17	-0.125	18	1	19	1
20	-1e30	0	0	-0.75	1	-1	2	-0.5	3	-0.5	4	-0.5	5	-1	6	-0.5	7	-1	8	-0.5	9	-0.5	10	-0.66667	11	-0.5	12	-1	13	-1	14	-1	15	-0.5	16	-1	17	-0.375	18	1	19	1
20	-1e30	0	0	-1	1	-0.5	2	-0.5	3	-0.5	4	-0.5	5	-0.5	6	-0.5	7	-1	8	-0.5	9	-0.5	10	-0.66667	11	-0.75	12	-0.75	13	-0.375	14	-1	15	-1	16	-0.5	17	-0.125	18	1	19	1
20	-1e30	0	0	-0.5	1	-0.5	2	-0.5	3	-0.5	4	-0.5	5	-0.5	6	-0.5	7	-1	8	-0.5	9	-0.75	10	-0.66667	11	-1	12	-0.5	13	-1	14	-1	15	-1	16	-1	17	-0.5	18	1	19	1
20	-1e30	0	0	-1	1	-1	2	-1	3	-1	4	-1	5	-1	6	-1	7	-1	8	-0.5	9	-1	10	-1	11	-1	12	-1	13	-0.875	14	-1	15	-1	16	-1	17	-1	18	1	19	1
20	-1e30	0	0	-1	1	-0.5	2	-0.5	3	-0.5	4	-0.5	5	-0.5	6	-0.5	7	-1	8	-0.5	9	-1	10	-0.66667	11	-0.5	12	-1	13	-0.875	14	-1	15	-1	16	-1	17	-0.875	18	1	19	1
20	-1e30	0	0	-0.75	1	-0.5	2	-0.5	3	-0.5	4	-0.5	5	-1	6	-0.5	7	-1	8	-0.5	9	-1	10	-0.66667	11	-1	12	-1	13	-0.25	14	-1	15	-1	16	-1	17	-0.375	18	1	19	1
20	-1e30	0	0	-1	1	-0.5	2	-0.5	3	-0.5	4	-1	5	-0.5	6	-1	7	-1	8	-0.5	9	-0.75	10	-0.66667	11	-0.75	12	-1	13	-0.625	14	-1	15	-1	16	-1	17	-0.875	18	1	19	1
20	-1e30	0	0	-0.5	1	-0.5	2	-0.5	3	-0.5	4	-0.5	5	-0.5	6	-0.5	7	-1	8	-0.5	9	-1	10	-1	11	-1	12	-1	13	-0.625	14	-1	15	-1	16	-1	17	-0.625	18	1	19	1
20	-1e30	0	0	-0.5	1	-0.5	2	-0.5	3	-0.5	4	-0.5	5	-0.5	6	-0.5	7	-0.5	8	-0.5	9	-0.5	10	-1	11	-0.5	12	-0.75	13	-0.375	14	-0.66667	15	-1	16	-0.5	17	-0.125	18	1	19	1
20	-1e30	0	0	-0.5	1	-0.5	2	-0.5	3	-0.5	4	-0.5	5	-0.5	6	-0.5	7	-1	8	-0.5	9	-0.75	10	-0.66667	11	-0.5	12	-0.5	13	-0.75	14	-1	15	-1	16	-1	17	-0.75	18	1	19	1
20	-1e30	0	0	-0.75	1	-0.5	2	-0.5	3	-0.5	4	-0.5	5	-0.5	6	-0.5	7	-0.5	8	-0.5	9	-0.5	10	-0.66667	11	-0.5	12	-0.5	13	-0.625	14	-0.33333	15	-0.5	16	-1	17	-0.25	18	1	19	1
20	-1e30	0	0	-0.75	1	-0.5	2	-0.5	3	-0.5	4	-0.5	5	-0.5	6	-0.5	7	-1	8	-0.5	9	-1	10	-1	11	-0.75	12	-1	13	-0.625	14	-1	15	-1	16	-1	17	-0.375	18	1	19	1
20	-1e30	0	0	-0.5	1	-0.5	2	-0.5	3	-0.5	4	-0.5	5	-1	6	-0.5	7	-0.5	8	-0.5	9	-0.5	10	-0.66667	11	-0.5	12	-0.5	13	-0.375	14	-0.33333	15	-0.5	16	-0.5	17	-0.125	18	1	19	1
20	-1e30	0	0	-0.75	1	-1	2	-0.5	3	-0.5	4	-0.5	5	-0.5	6	-0.5	7	-1	8	-0.5	9	-0.75	10	-0.66667	11	-0.5	12	-1	13	-1	14	-1	15	-1	16	-1	17	-0.375	18	1	19	1
20	-1e30	0	0	-0.5	1	-1	2	-0.5	3	-0.5	4	-0.5	5	-1	6	-0.5	7	-1	8	-0.5	9	-0.75	10	-1	11	-0.75	12	-1	13	-1	14	-1	15	-1	16	-1	17	-0.25	18	1	19	1
20	-1e30	0	0	-0.5	1	-0.5	2	-0.5	3	-0.5	4	-0.5	5	-0.5	6	-0.5	7	-1	8	-0.5	9	-0.75	10	-0.66667	11	-0.5	12	-0.5	13	-1	14	-1	15	-1	16	-1	17	-0.625	18	1	19	1
20	-1e30	0	0	-0.5	1	-1	2	-1	3	-0.5	4	-1	5	-1	6	-1	7	-1	8	-0.5	9	-0.75	10	-1	11	-1	12	-1	13	-0.625	14	-1	15	-1	16	-1	17	-0.625	18	1	19	1
20	-1e30	0	0	-1	1	-0.5	2	-0.5	3	-0.5	4	-0.5	5	-1	6	-0.5	7	-1	8	-0.5	9	-1	10	-1	11	-1	12	-0.5	13	-0.625	14	-1	15	-1	16	-1	17	-0.25	18	1	19	1
20	-1e30	0	0	-0.5	1	-1	2	-0.5	3	-0.5	4	-0.5	5	-1	6	-0.5	7	-1	8	-0.5	9	-0.75	10	-1	11	-1	12	-0.5	13	-1	14	-1	15	-1	16	-1	17	-0.25	18	1	19	1
20	-1e30	0	0	-1	1	-1	2	-1	3	-0.5	4	-1	5	-1	6	-0.5	7	-1	8	-0.5	9	-0.25	10	-0.66667	11	-0.5	12	-0.25	13	-0.375	14	-0.33333	15	-1	16	-1	17	-0.25	18	1	19	1
20	-1e30	0	0	-0.5	1	-0.5	2	-0.5	3	-0.5	4	-0.5	5	-0.5	6	-0.5	7	-1	8	-0.5	9	-0.75	10	-0.66667	11	-1	12	-1	13	-0.5	14	-1	15	-1	16	-1	17	-0.625	18	1	19	1
20	-1e30	0	0	-0.5	1	-0.5	2	-0.5	3	-0.5	4	-0.5	5	-0.5	6	-0.5	7	-1	8	-0.5	9	-0.5	10	-0.66667	11	-1	12	-0.5	13	-1	14	-1	15	-1	16	-1	17	-0.375	18	1	19	1
20	-1e30	0	0	-0.5	1	-0.5	2	-0.5	3	-0.5	4	-0.5	5	-1	6	-0.5	7	-1	8	-0.5	9	-0.75	10	-1	11	-1	12	-0.5	13	-1	14	-1	15	-1	16	-1	17	-0.375	18	1	19	1
20	-1e30	0	0	-0.5	1	-1	2	-0.5	3	-0.5	4	-0.5	5	-0.5	6	-0.5	7	-1	8	-0.5	9	-1	10	-1	11	-1	12	-0.5	13	-0.875	14	-1	15	-1	16	-1	17	-0.625	18	1	19	1
20	-1e30	0	0	-0.5	1	-1	2	-0.5	3	-0.5	4	-0.5	5	-1	6	-0.5	7	-1	8	-0.5	9	-1	10	-1	11	-1	12	-1	13	-1	14	-1	15	-1	16	-1	17	-0.875	18	1	19	1
20	-1e30	0	0	-1	1	-0.5	2	-0.5	3	-0.5	4	-0.5	5	-1	6	-0.5	7	-1	8	-0.5	9	-1	10	-1	11	-1	12	-0.75	13	-0.375	14	-1	15	-1	16	-1	17	-0.625	18	1	19	1
20	-1e30	0	0	-0.5	1	-0.5	2	-0.5	3	-0.5	4	-0.5	5	-1	6	-0.5	7	-1	8	-0.5	9	-0.5	10	-0.66667	11	-0.5	12	-0.5	13	-1	14	-0.66667	15	-0.5	16	-1	17	-0.25	18	1	19	1
20	-1e30	0	0	-0.75	1	-0.5	2	-0.5	3	-0.5	4	-0.5	5	-0.5	6	-0.5	7	-1	8	-0.5	9	-0.5	10	-0.66667	11	-1	12	-1	13	-0.25	14	-1	15	-1	16	-0.5	17	-0.125	18	1	19	1
20	-1e30	0	0	-0.75	1	-0.5	2	-0.5	3	-0.5	4	-0.5	5	-1	6	-0.5	7	-1	8	-0.5	9	-0.5	10	-0.66667	11	-1	12	-0.75	13	-1	14	-0.66667	15	-1	16	-1	17	-0.125	18	1	19	1
20	-1e30	0	0	-1	1	-0.5	2	-0.5	3	-0.5	4	-0.5	5	-0.5	6	-0.5	7	-1	8	-0.5	9	-0.75	10	-0.66667	11	-0.5	12	-1	13	-0.375	14	-0.66667	15	-1	16	-0.5	17	-0.125	18	1	19	1
20	-1e30	0	0	-0.5	1	-0.5	2	-0.5	3	-0.5	4	-0.5	5	-1	6	-0.5	7	-1	8	-0.5	9	-0.75	10	-0.66667	11	-0.5	12	-0.5	13	-0.5	14	-1	15	-0.5	16	-1	17	-0.625	18	1	19	1
20	-1e30	0	0	-1	1	-1	2	-0.5	3	-0.5	4	-1	5	-1	6	-0.5	7	-1	8	-0.5	9	-0.75	10	-1	11	-1	12	-0.5	13	-0.625	14	-1	15	-1	16	-1	17	-0.375	18	1	19	1
20	-1e30	0	0	-0.75	1	-0.5	2	-0.5	3	-0.5	4	-0.5	5	-1	6	-0.5	7	-1	8	-0.5	9	-1	10	-0.66667	11	-0.5	12	-0.5	13	-0.5	14	-1	15	-1	16	-1	17	-0.875	18	1	19	1
20	-1e30	0	0	-0.5	1	-0.5	2	-0.5	3	-0.5	4	-0.5	5	-1	6	-0.5	7	-1	8	-0.5	9	-0.5	10	-0.66667	11	-0.5	12	-1	13	-1	14	-0.33333	15	-1	16	-1	17	-0.25	18	1	19	1
20	-1e30	0	0	-1	1	-1	2	-1	3	-1	4	-1	5	-1	6	-0.5	7	-1	8	-0.5	9	-1	10	-1	11	-1	12	-1	13	-0.875	14	-1	15	-1	16	-1	17	-0.75	18	1	19	1
20	-1e30	0	0	-1	1	-0.5	2	-0.5	3	-0.5	4	-0.5	5	-0.5	6	-0.5	7	-1	8	-0.5	9	-1	10	-0.66667	11	-1	12	-0.5	13	-1	14	-1	15	-1	16	-1	17	-0.75	18	1	19	1
20	-1e30	0	0	-0.5	1	-0.5	2	-0.5	3	-0.5	4	-0.5	5	-1	6	-0.5	7	-1	8	-0.5	9	-0.75	10	-1	11	-0.5	12	-0.5	13	-0.5	14	-1	15	-1	16	-1	17	-0.75	18	1	19	1
20	-1e30	0	0	-0.5	1	-0.5	2	-0.5	3	-0.5	4	-0.5	5	-0.5	6	-0.5	7	-1	8	-0.5	9	-0.5	10	-0.66667	11	-1	12	-1	13	-1	14	-0.66667	15	-0.5	16	-1	17	-0.25	18	1	19	1
20	-1e30	0	0	-0.75	1	-1	2	-0.5	3	-0.5	4	-1	5	-1	6	-0.5	7	-1	8	-0.5	9	-0.5	10	-0.66667	11	-1	12	-0.75	13	-0.625	14	-0.66667	15	-1	16	-1	17	-0.5	18	1	19	1
20	-1e30	0	0	-0.5	1	-1	2	-0.5	3	-0.5	4	-0.5	5	-1	6	-0.5	7	-1	8	-0.5	9	-0.75	10	-1	11	-0.75	12	-0.75	13	-1	14	-1	15	-1	16	-1	17	-0.5	18	1	19	1
