8	124	992	0
-1	1
-1	1
-1	1
-1	1
-1	1
-1	1
-1e30	1e30
0.001	1e30
8	-1e30	0	0	0.33333	1	0.66667	2	0.5	3	0.33333	4	0.5	5	0.5	6	-1	7	1
8	-1e30	0	0	0.33333	1	0.66667	2	0.5	3	0.33333	4	0.75	5	0.5	6	-1	7	1
8	-1e30	0	0	0.33333	1	0.66667	2	0.5	3	0.33333	4	1	5	1	6	-1	7	1
8	-1e30	0	0	0.33333	1	0.66667	2	0.5	3	0.66667	4	0.75	5	0.5	6	-1	7	1
8	-1e30	0	0	0.33333	1	0.66667	2	0.5	3	0.66667	4	0.75	5	1	6	-1	7	1
8	-1e30	0	0	0.33333	1	0.66667	2	0.5	3	0.66667	4	1	5	1	6	-1	7	1
8	-1e30	0	0	0.33333	1	0.66667	2	0.5	3	1	4	0.5	5	0.5	6	-1	7	1
8	-1e30	0	0	0.33333	1	0.66667	2	0.5	3	1	4	1	5	1	6	-1	7	1
8	-1e30	0	0	0.33333	1	0.66667	2	1	3	0.33333	4	0.5	5	1	6	-1	7	1
8	-1e30	0	0	0.33333	1	0.66667	2	1	3	0.66667	4	0.75	5	1	6	-1	7	1
8	-1e30	0	0	0.33333	1	0.66667	2	1	3	0.66667	4	1	5	0.5	6	-1	7	1
8	-1e30	0	0	0.33333	1	0.66667	2	1	3	0.66667	4	1	5	1	6	-1	7	1
8	-1e30	0	0	0.33333	1	0.66667	2	1	3	1	4	0.5	5	1	6	-1	7	1
8	-1e30	0	0	0.33333	1	0.66667	2	1	3	1	4	0.75	5	0.5	6	-1	7	1
8	-1e30	0	0	0.33333	1	0.66667	2	1	3	1	4	0.75	5	1	6	-1	7	1
8	-1e30	0	0	0.33333	1	1	2	0.5	3	0.33333	4	0.5	5	0.5	6	-1	7	1
8	-1e30	0	0	0.33333	1	1	2	0.5	3	0.33333	4	1	5	0.5	6	-1	7	1
8	-1e30	0	0	0.33333	1	1	2	0.5	3	0.66667	4	0.5	5	0.5	6	-1	7	1
8	-1e30	0	0	0.33333	1	1	2	0.5	3	0.66667	4	1	5	0.5	6	-1	7	1
8	-1e30	0	0	0.33333	1	1	2	0.5	3	1	4	0.5	5	1	6	-1	7	1
8	-1e30	0	0	0.33333	1	1	2	0.5	3	1	4	0.75	5	0.5	6	-1	7	1
8	-1e30	0	0	0.33333	1	1	2	0.5	3	1	4	1	5	0.5	6	-1	7	1
8	-1e30	0	0	0.33333	1	1	2	0.5	3	1	4	1	5	1	6	-1	7	1
8	-1e30	0	0	0.33333	1	1	2	1	3	0.33333	4	0.5	5	1	6	-1	7	1
8	-1e30	0	0	0.33333	1	1	2	1	3	0.66667	4	0.5	5	1	6	-1	7	1
8	-1e30	0	0	0.33333	1	1	2	1	3	0.66667	4	0.75	5	1	6	-1	7	1
8	-1e30	0	0	0.33333	1	1	2	1	3	0.66667	4	1	5	0.5	6	-1	7	1
8	-1e30	0	0	0.33333	1	1	2	1	3	0.66667	4	1	5	1	6	-1	7	1
8	-1e30	0	0	0.33333	1	1	2	1	3	1	4	0.5	5	0.5	6	-1	7	1
8	-1e30	0	0	0.33333	1	1	2	1	3	1	4	1	5	0.5	6	-1	7	1
8	-1e30	0	0	0.33333	1	1	2	1	3	1	4	1	5	1	6	-1	7	1
8	-1e30	0	0	0.66667	1	0.33333	2	0.5	3	0.33333	4	0.75	5	0.5	6	-1	7	1
8	-1e30	0	0	0.66667	1	0.33333	2	0.5	3	0.33333	4	0.75	5	1	6	-1	7	1
8	-1e30	0	0	0.66667	1	0.33333	2	0.5	3	0.66667	4	0.5	5	1	6	-1	7	1
8	-1e30	0	0	0.66667	1	0.33333	2	0.5	3	0.66667	4	0.75	5	0.5	6	-1	7	1
8	-1e30	0	0	0.66667	1	0.33333	2	0.5	3	0.66667	4	1	5	0.5	6	-1	7	1
8	-1e30	0	0	0.66667	1	0.33333	2	0.5	3	0.66667	4	1	5	1	6	-1	7	1
8	-1e30	0	0	0.66667	1	0.33333	2	0.5	3	1	4	1	5	0.5	6	-1	7	1
8	-1e30	0	0	0.66667	1	0.33333	2	1	3	0.33333	4	0.5	5	1	6	-1	7	1
8	-1e30	0	0	0.66667	1	0.33333	2	1	3	0.33333	4	0.75	5	0.5	6	-1	7	1
8	-1e30	0	0	0.66667	1	0.33333	2	1	3	0.33333	4	1	5	1	6	-1	7	1
8	-1e30	0	0	0.66667	1	0.33333	2	1	3	0.66667	4	0.75	5	0.5	6	-1	7	1
8	-1e30	0	0	0.66667	1	0.33333	2	1	3	0.66667	4	1	5	1	6	-1	7	1
8	-1e30	0	0	0.66667	1	0.33333	2	1	3	1	4	0.5	5	1	6	-1	7	1
8	-1e30	0	0	0.66667	1	0.33333	2	1	3	1	4	1	5	0.5	6	-1	7	1
8	-1e30	0	0	0.66667	1	1	2	0.5	3	0.66667	4	0.75	5	0.5	6	-1	7	1
8	-1e30	0	0	0.66667	1	1	2	0.5	3	1	4	0.75	5	0.5	6	-1	7	1
8	-1e30	0	0	0.66667	1	1	2	0.5	3	1	4	1	5	1	6	-1	7	1
8	-1e30	0	0	0.66667	1	1	2	1	3	0.33333	4	0.75	5	1	6	-1	7	1
8	-1e30	0	0	0.66667	1	1	2	1	3	0.66667	4	0.5	5	0.5	6	-1	7	1
8	-1e30	0	0	0.66667	1	1	2	1	3	1	4	0.75	5	1	6	-1	7	1
8	-1e30	0	0	1	1	0.33333	2	0.5	3	0.66667	4	0.5	5	1	6	-1	7	1
8	-1e30	0	0	1	1	0.33333	2	0.5	3	1	4	0.5	5	1	6	-1	7	1
8	-1e30	0	0	1	1	0.33333	2	1	3	0.33333	4	0.5	5	1	6	-1	7	1
8	-1e30	0	0	1	1	0.33333	2	1	3	0.66667	4	0.5	5	1	6	-1	7	1
8	-1e30	0	0	1	1	0.33333	2	1	3	0.66667	4	0.75	5	1	6	-1	7	1
8	-1e30	0	0	1	1	0.33333	2	1	3	1	4	0.5	5	1	6	-1	7	1
8	-1e30	0	0	1	1	0.66667	2	0.5	3	0.33333	4	1	5	1	6	-1	7	1
8	-1e30	0	0	1	1	0.66667	2	0.5	3	0.66667	4	1	5	1	6	-1	7	1
8	-1e30	0	0	1	1	0.66667	2	1	3	0.33333	4	0.75	5	1	6	-1	7	1
8	-1e30	0	0	1	1	0.66667	2	1	3	1	4	0.5	5	0.5	6	-1	7	1
8	-1e30	0	0	1	1	0.66667	2	1	3	1	4	1	5	0.5	6	-1	7	1
8	-1e30	0	0	-0.33333	1	-0.33333	2	-0.5	3	-0.33333	4	-0.75	5	-0.5	6	1	7	1
8	-1e30	0	0	-0.33333	1	-0.33333	2	-0.5	3	-0.33333	4	-0.75	5	-1	6	1	7	1
8	-1e30	0	0	-0.33333	1	-0.33333	2	-0.5	3	-1	4	-0.5	5	-0.5	6	1	7	1
8	-1e30	0	0	-0.33333	1	-0.33333	2	-0.5	3	-1	4	-0.75	5	-1	6	1	7	1
8	-1e30	0	0	-0.33333	1	-0.33333	2	-1	3	-0.33333	4	-0.5	5	-0.5	6	1	7	1
8	-1e30	0	0	-0.33333	1	-0.33333	2	-1	3	-0.33333	4	-0.5	5	-1	6	1	7	1
8	-1e30	0	0	-0.33333	1	-0.33333	2	-1	3	-0.66667	4	-0.75	5	-0.5	6	1	7	1
8	-1e30	0	0	-0.33333	1	-0.33333	2	-1	3	-0.66667	4	-1	5	-0.5	6	1	7	1
8	-1e30	0	0	-0.33333	1	-0.33333	2	-1	3	-1	4	-0.25	5	-1	6	1	7	1
8	-1e30	0	0	-0.33333	1	-0.66667	2	-0.5	3	-0.33333	4	-0.25	5	-1	6	1	7	1
8	-1e30	0	0	-0.33333	1	-0.66667	2	-0.5	3	-0.66667	4	-0.25	5	-0.5	6	1	7	1
8	-1e30	0	0	-0.33333	1	-1	2	-0.5	3	-1	4	-0.25	5	-1	6	1	7	1
8	-1e30	0	0	-0.33333	1	-1	2	-1	3	-0.66667	4	-0.25	5	-1	6	1	7	1
8	-1e30	0	0	-0.33333	1	-1	2	-1	3	-1	4	-0.25	5	-0.5	6	1	7	1
8	-1e30	0	0	-0.66667	1	-0.33333	2	-0.5	3	-0.66667	4	-0.25	5	-0.5	6	1	7	1
8	-1e30	0	0	-0.66667	1	-0.33333	2	-0.5	3	-0.66667	4	-0.25	5	-1	6	1	7	1
8	-1e30	0	0	-0.66667	1	-0.66667	2	-0.5	3	-0.33333	4	-0.5	5	-0.5	6	1	7	1
8	-1e30	0	0	-0.66667	1	-0.66667	2	-0.5	3	-0.33333	4	-0.5	5	-1	6	1	7	1
8	-1e30	0	0	-0.66667	1	-0.66667	2	-0.5	3	-0.33333	4	-0.75	5	-0.5	6	1	7	1
8	-1e30	0	0	-0.66667	1	-0.66667	2	-0.5	3	-0.66667	4	-0.75	5	-1	6	1	7	1
8	-1e30	0	0	-0.66667	1	-0.66667	2	-0.5	3	-1	4	-0.25	5	-0.5	6	1	7	1
8	-1e30	0	0	-0.66667	1	-0.66667	2	-0.5	3	-1	4	-0.25	5	-1	6	1	7	1
8	-1e30	0	0	-0.66667	1	-0.66667	2	-0.5	3	-1	4	-0.5	5	-1	6	1	7	1
8	-1e30	0	0	-0.66667	1	-0.66667	2	-0.5	3	-1	4	-0.75	5	-1	6	1	7	1
8	-1e30	0	0	-0.66667	1	-0.66667	2	-0.5	3	-1	4	-1	5	-1	6	1	7	1
8	-1e30	0	0	-0.66667	1	-0.66667	2	-1	3	-0.33333	4	-0.25	5	-0.5	6	1	7	1
8	-1e30	0	0	-0.66667	1	-0.66667	2	-1	3	-0.33333	4	-0.75	5	-1	6	1	7	1
8	-1e30	0	0	-0.66667	1	-0.66667	2	-1	3	-0.33333	4	-1	5	-0.5	6	1	7	1
8	-1e30	0	0	-0.66667	1	-0.66667	2	-1	3	-0.33333	4	-1	5	-1	6	1	7	1
8	-1e30	0	0	-0.66667	1	-0.66667	2	-1	3	-0.66667	4	-0.5	5	-0.5	6	1	7	1
8	-1e30	0	0	-0.66667	1	-0.66667	2	-1	3	-1	4	-1	5	-0.5	6	1	7	1
8	-1e30	0	0	-0.66667	1	-1	2	-0.5	3	-0.33333	4	-0.25	5	-0.5	6	1	7	1
8	-1e30	0	0	-0.66667	1	-1	2	-0.5	3	-0.66667	4	-0.25	5	-0.5	6	1	7	1
8	-1e30	0	0	-0.66667	1	-1	2	-0.5	3	-1	4	-0.25	5	-1	6	1	7	1
8	-1e30	0	0	-0.66667	1	-1	2	-1	3	-0.66667	4	-0.25	5	-0.5	6	1	7	1
8	-1e30	0	0	-0.66667	1	-1	2	-1	3	-0.66667	4	-0.25	5	-1	6	1	7	1
8	-1e30	0	0	-1	1	-0.33333	2	-0.5	3	-0.33333	4	-0.25	5	-0.5	6	1	7	1
8	-1e30	0	0	-1	1	-0.33333	2	-0.5	3	-0.33333	4	-0.25	5	-1	6	1	7	1
8	-1e30	0	0	-1	1	-0.33333	2	-0.5	3	-0.66667	4	-0.25	5	-0.5	6	1	7	1
8	-1e30	0	0	-1	1	-0.33333	2	-1	3	-0.33333	4	-0.25	5	-0.5	6	1	7	1
8	-1e30	0	0	-1	1	-0.66667	2	-0.5	3	-0.33333	4	-0.25	5	-0.5	6	1	7	1
8	-1e30	0	0	-1	1	-0.66667	2	-0.5	3	-0.66667	4	-0.25	5	-1	6	1	7	1
8	-1e30	0	0	-1	1	-0.66667	2	-1	3	-0.33333	4	-0.25	5	-0.5	6	1	7	1
8	-1e30	0	0	-1	1	-0.66667	2	-1	3	-0.33333	4	-0.25	5	-1	6	1	7	1
8	-1e30	0	0	-1	1	-0.66667	2	-1	3	-1	4	-0.25	5	-0.5	6	1	7	1
8	-1e30	0	0	-1	1	-1	2	-0.5	3	-0.33333	4	-0.25	5	-0.5	6	1	7	1
8	-1e30	0	0	-1	1	-1	2	-0.5	3	-0.33333	4	-0.5	5	-0.5	6	1	7	1
8	-1e30	0	0	-1	1	-1	2	-0.5	3	-0.33333	4	-1	5	-1	6	1	7	1
8	-1e30	0	0	-1	1	-1	2	-0.5	3	-0.66667	4	-0.75	5	-1	6	1	7	1
8	-1e30	0	0	-1	1	-1	2	-0.5	3	-0.66667	4	-1	5	-1	6	1	7	1
8	-1e30	0	0	-1	1	-1	2	-0.5	3	-1	4	-0.25	5	-1	6	1	7	1
8	-1e30	0	0	-1	1	-1	2	-0.5	3	-1	4	-0.5	5	-0.5	6	1	7	1
8	-1e30	0	0	-1	1	-1	2	-0.5	3	-1	4	-0.5	5	-1	6	1	7	1
8	-1e30	0	0	-1	1	-1	2	-0.5	3	-1	4	-1	5	-1	6	1	7	1
8	-1e30	0	0	-1	1	-1	2	-1	3	-0.33333	4	-0.25	5	-0.5	6	1	7	1
8	-1e30	0	0	-1	1	-1	2	-1	3	-0.33333	4	-0.75	5	-1	6	1	7	1
8	-1e30	0	0	-1	1	-1	2	-1	3	-0.33333	4	-1	5	-0.5	6	1	7	1
8	-1e30	0	0	-1	1	-1	2	-1	3	-0.33333	4	-1	5	-1	6	1	7	1
8	-1e30	0	0	-1	1	-1	2	-1	3	-1	4	-0.25	5	-1	6	1	7	1
8	-1e30	0	0	-1	1	-1	2	-1	3	-1	4	-0.5	5	-1	6	1	7	1
8	-1e30	0	0	-1	1	-1	2	-1	3	-1	4	-0.75	5	-1	6	1	7	1
8	-1e30	0	0	-1	1	-1	2	-1	3	-1	4	-1	5	-1	6	1	7	1
